,iterator_record,time_record,temp_record_CPU,temp_record_GPU,cpu_record,processing_duration_record,pause_duration_record,loop_duration_record,net_record,avg_accuracy_record
0,0,0.0,69.14,69.1,0.0,0.0,0.0,0.0,efficientdet_lite4_detection_metadata_2,0.4196
1,0,1.438636,54.043,54.5,1.1,1.438636,0.0,0.0,efficientdet_lite4_detection_metadata_2,0.4196
2,1,1.490302,54.53,54.5,28.6,1.438636,0.0,1.490302,efficientdet_lite4_detection_metadata_2,0.4196
3,1,2.846067,56.965,56.4,85.1,1.355765,0.0,1.490302,efficientdet_lite4_detection_metadata_2,0.4196
4,2,2.898207,56.478,56.9,21.1,1.355765,0.0,1.407905,efficientdet_lite4_detection_metadata_2,0.4196
5,2,4.5922920000000005,57.939,58.4,84.2,1.694085,0.0,1.407905,efficientdet_lite4_detection_metadata_2,0.4196
6,3,4.648136,57.939,59.4,58.3,1.694085,0.0,1.749929,efficientdet_lite4_detection_metadata_2,0.4196
7,3,6.1912210000000005,58.913,58.9,82.6,1.543085,0.0,1.749929,efficientdet_lite4_detection_metadata_2,0.4196
8,4,6.243305000000001,58.913,58.9,25.0,1.543085,0.0,1.595169,efficientdet_lite4_detection_metadata_2,0.4196
9,4,7.593878000000001,60.861,60.3,85.6,1.350573,0.0,1.595169,efficientdet_lite3_detection_metadata_1,0.4196
10,5,7.646309000000001,60.374,60.3,25.0,1.350573,0.0,1.403004,efficientdet_lite3_detection_metadata_1,0.4196
11,5,8.303219000000002,60.861,60.8,77.0,0.65691,0.0,1.403004,efficientdet_lite3_detection_metadata_1,0.4196
12,6,8.357453000000003,60.374,60.3,27.3,0.65691,0.0,0.711144,efficientdet_lite3_detection_metadata_1,0.40256
13,6,8.997245000000003,61.348,61.3,78.4,0.639792,0.0,0.711144,efficientdet_lite3_detection_metadata_1,0.40256
14,7,9.051244000000004,61.348,60.3,23.8,0.639792,0.0,0.693791,efficientdet_lite3_detection_metadata_1,0.39404
15,7,9.706682000000004,61.348,60.3,81.4,0.655438,0.0,0.693791,efficientdet_lite3_detection_metadata_1,0.39404
16,8,9.764835000000003,60.374,61.3,28.6,0.655438,0.0,0.713591,efficientdet_lite3_detection_metadata_1,0.38552
17,8,10.392854000000003,61.835,61.8,80.3,0.628019,0.0,0.713591,efficientdet_lite3_detection_metadata_1,0.38552
18,9,10.446841000000003,61.835,60.3,28.6,0.628019,0.0,0.682006,efficientdet_lite3_detection_metadata_1,0.377
19,9,11.101459000000002,60.861,61.8,77.3,0.654618,0.0,0.682006,efficientdet_lite3_detection_metadata_1,0.377
20,10,11.155431000000004,61.835,61.3,27.3,0.654618,0.0,0.70859,efficientdet_lite3_detection_metadata_1,0.377
21,10,11.813932000000003,61.835,62.8,77.3,0.658501,0.0,0.70859,efficientdet_lite3_detection_metadata_1,0.377
22,11,11.868341000000004,62.809,61.3,23.8,0.658501,0.0,0.71291,efficientdet_lite3_detection_metadata_1,0.377
23,11,12.483457000000005,62.322,61.8,79.0,0.615116,0.0,0.71291,efficientdet_lite3_detection_metadata_1,0.377
24,12,12.555393000000004,62.322,60.8,23.8,0.615116,0.0,0.687052,efficientdet_lite3_detection_metadata_1,0.377
25,12,13.164259000000005,62.809,62.8,79.2,0.608866,0.0,0.687052,efficientdet_lite3_detection_metadata_1,0.377
26,13,13.218379000000004,62.809,61.8,25.0,0.608866,0.0,0.662986,efficientdet_lite3_detection_metadata_1,0.377
27,13,13.854171000000004,61.835,62.8,79.3,0.635792,0.0,0.662986,efficientdet_lite3_detection_metadata_1,0.377
28,14,13.908188000000004,62.809,62.3,31.8,0.635792,0.0,0.689809,efficientdet_lite3_detection_metadata_1,0.377
29,14,14.509420000000004,62.809,63.3,80.5,0.601232,0.0,0.689809,efficientdet_lite3_detection_metadata_1,0.377
30,15,14.563094000000005,63.296,62.3,21.1,0.601232,0.0,0.654906,efficientdet_lite3_detection_metadata_1,0.377
31,15,15.163302000000005,63.296,62.3,80.2,0.600208,0.0,0.654906,efficientdet_lite3_detection_metadata_1,0.377
32,16,15.217308000000004,62.322,61.8,27.3,0.600208,0.0,0.654214,efficientdet_lite3_detection_metadata_1,0.377
33,16,15.816943000000004,63.296,62.8,80.2,0.599635,0.0,0.654214,efficientdet_lite3_detection_metadata_1,0.377
34,17,15.871466000000005,62.809,62.3,23.8,0.599635,0.0,0.654158,efficientdet_lite3_detection_metadata_1,0.377
35,17,16.484123000000004,62.809,63.7,81.1,0.612657,0.0,0.654158,efficientdet_lite3_detection_metadata_1,0.377
36,18,16.539860000000004,63.783,62.8,31.8,0.612657,0.0,0.668394,efficientdet_lite3_detection_metadata_1,0.377
37,18,17.160898000000003,63.783,63.7,81.2,0.621038,0.0,0.668394,efficientdet_lite3_detection_metadata_1,0.377
38,19,17.215354000000005,63.783,62.8,25.0,0.621038,0.0,0.675494,efficientdet_lite3_detection_metadata_1,0.377
39,19,17.829504000000004,63.296,63.7,80.6,0.61415,0.0,0.675494,efficientdet_lite3_detection_metadata_1,0.377
40,20,17.883662000000005,63.783,63.7,23.8,0.61415,0.0,0.668308,efficientdet_lite3_detection_metadata_1,0.377
41,20,18.487775000000006,63.296,62.3,81.0,0.604113,0.0,0.668308,efficientdet_lite3_detection_metadata_1,0.377
42,21,18.541744000000005,62.322,62.8,25.0,0.604113,0.0,0.658082,efficientdet_lite3_detection_metadata_1,0.377
43,21,19.143721000000006,64.27,63.7,80.6,0.601977,0.0,0.658082,efficientdet_lite3_detection_metadata_1,0.377
44,22,19.197707000000005,63.783,63.3,28.6,0.601977,0.0,0.655963,efficientdet_lite3_detection_metadata_1,0.377
45,22,19.795519000000006,65.244,63.7,80.4,0.597812,0.0,0.655963,efficientdet_lite2_detection_metadata_1,0.377
46,23,19.849575000000005,63.783,62.8,30.4,0.597812,0.0,0.651868,efficientdet_lite2_detection_metadata_1,0.36954000000000004
47,23,20.191540000000003,65.244,64.2,72.6,0.341965,0.0,0.651868,efficientdet_lite2_detection_metadata_1,0.36954000000000004
48,24,20.245662000000006,64.27,63.7,23.8,0.341965,0.0,0.396087,efficientdet_lite2_detection_metadata_1,0.36208
49,24,20.608786000000006,64.757,63.7,71.3,0.363124,0.0,0.396087,efficientdet_lite3_detection_metadata_1,0.36208
50,25,20.662724000000008,63.783,64.2,27.3,0.363124,0.0,0.417062,efficientdet_lite3_detection_metadata_1,0.36208
51,25,21.295265000000008,64.27,64.2,80.7,0.632541,0.0,0.417062,efficientdet_lite3_detection_metadata_1,0.36208
52,26,21.34994200000001,64.27,64.2,34.8,0.632541,0.0,0.687218,efficientdet_lite3_detection_metadata_1,0.36208000000000007
53,26,21.96308800000001,64.27,65.2,79.8,0.613146,0.0,0.687218,efficientdet_lite3_detection_metadata_1,0.36208000000000007
54,27,22.016963000000008,64.27,64.2,27.3,0.613146,0.0,0.667021,efficientdet_lite3_detection_metadata_1,0.36208
55,27,22.62526400000001,64.27,63.3,79.6,0.608301,0.0,0.667021,efficientdet_lite3_detection_metadata_1,0.36208
56,28,22.686616000000008,63.296,63.3,23.8,0.608301,0.0,0.669653,efficientdet_lite3_detection_metadata_1,0.36954000000000004
57,28,23.28737900000001,64.757,64.2,80.2,0.600763,0.0,0.669653,efficientdet_lite3_detection_metadata_1,0.36954000000000004
58,29,23.341459000000008,64.27,63.3,27.3,0.600763,0.0,0.654843,efficientdet_lite3_detection_metadata_1,0.377
59,29,23.974654000000008,64.757,66.2,78.6,0.633195,0.0,0.654843,efficientdet_lite3_detection_metadata_1,0.377
60,30,24.028744000000007,66.218,64.7,31.8,0.633195,0.0,0.687285,efficientdet_lite3_detection_metadata_1,0.377
61,30,24.658454000000006,66.218,64.7,78.7,0.62971,0.0,0.687285,efficientdet_lite2_detection_metadata_1,0.377
62,31,24.712221000000007,64.757,63.3,28.6,0.62971,0.0,0.683477,efficientdet_lite2_detection_metadata_1,0.36954000000000004
63,31,25.050206000000006,65.244,64.7,72.4,0.337985,0.0,0.683477,efficientdet_lite2_detection_metadata_1,0.36954000000000004
64,32,25.104727000000008,64.757,64.2,27.3,0.337985,0.0,0.392506,efficientdet_lite2_detection_metadata_1,0.36208
65,32,25.466787000000007,65.731,63.7,73.2,0.36206,0.0,0.392506,efficientdet_lite2_detection_metadata_1,0.36208
66,33,25.520788000000007,63.783,64.2,28.6,0.36206,0.0,0.416061,efficientdet_lite2_detection_metadata_1,0.35462
67,33,25.869688000000007,66.218,64.2,71.4,0.3489,0.0,0.416061,efficientdet_lite2_detection_metadata_1,0.35462
68,34,25.923677000000005,65.244,64.2,28.6,0.3489,0.0,0.402889,efficientdet_lite2_detection_metadata_1,0.34716
69,34,26.266030000000004,65.244,64.7,71.7,0.342353,0.0,0.402889,efficientdet_lite2_detection_metadata_1,0.34716
70,35,26.325694000000006,64.757,64.7,31.8,0.342353,0.0,0.402017,efficientdet_lite2_detection_metadata_1,0.3397
71,35,26.671005000000005,65.731,64.2,71.5,0.345311,0.0,0.402017,efficientdet_lite2_detection_metadata_1,0.3397
72,36,26.725064000000007,64.27,64.2,27.3,0.345311,0.0,0.39937,efficientdet_lite2_detection_metadata_1,0.3397
73,36,27.062157000000006,65.731,65.2,72.1,0.337093,0.0,0.39937,efficientdet_lite2_detection_metadata_1,0.3397
74,37,27.11620200000001,65.244,64.2,27.3,0.337093,0.0,0.391138,efficientdet_lite2_detection_metadata_1,0.3397
75,37,27.45952400000001,65.244,65.2,72.4,0.343322,0.0,0.391138,efficientdet_lite2_detection_metadata_1,0.3397
76,38,27.51352200000001,65.244,64.2,27.3,0.343322,0.0,0.39732,efficientdet_lite2_detection_metadata_1,0.3397
77,38,27.852045000000007,65.731,64.2,72.6,0.338523,0.0,0.39732,efficientdet_lite2_detection_metadata_1,0.3397
78,39,27.906098000000007,64.757,64.7,27.3,0.338523,0.0,0.392576,efficientdet_lite2_detection_metadata_1,0.3397
79,39,28.256522000000007,65.731,65.2,72.5,0.350424,0.0,0.392576,efficientdet_lite2_detection_metadata_1,0.3397
80,40,28.310500000000008,65.244,63.7,31.8,0.350424,0.0,0.404402,efficientdet_lite2_detection_metadata_1,0.3397
81,40,28.654605000000007,66.218,65.7,71.3,0.344105,0.0,0.404402,efficientdet_lite2_detection_metadata_1,0.3397
82,41,28.70852500000001,65.731,63.7,27.3,0.344105,0.0,0.398025,efficientdet_lite2_detection_metadata_1,0.3397
83,41,29.06945600000001,65.244,64.7,70.9,0.360931,0.0,0.398025,efficientdet_lite2_detection_metadata_1,0.3397
84,42,29.123646000000008,64.757,64.7,27.3,0.360931,0.0,0.415121,efficientdet_lite2_detection_metadata_1,0.3397
85,42,29.469213000000007,65.731,66.2,71.5,0.345567,0.0,0.415121,efficientdet_lite2_detection_metadata_1,0.3397
86,43,29.523623000000008,64.757,64.2,23.8,0.345567,0.0,0.399977,efficientdet_lite2_detection_metadata_1,0.3397
87,43,29.878718000000006,65.731,64.7,71.0,0.355095,0.0,0.399977,efficientdet_lite2_detection_metadata_1,0.3397
88,44,29.932934000000007,64.757,64.7,23.8,0.355095,0.0,0.409311,efficientdet_lite2_detection_metadata_1,0.3397
89,44,30.277134000000007,66.705,65.2,71.5,0.3442,0.0,0.409311,efficientdet_lite2_detection_metadata_1,0.3397
90,45,30.331673000000006,65.244,64.7,25.0,0.3442,0.0,0.398739,efficientdet_lite2_detection_metadata_1,0.3397
91,45,30.682247000000007,65.731,64.7,70.7,0.350574,0.0,0.398739,efficientdet_lite2_detection_metadata_1,0.3397
92,46,30.744407000000006,64.757,65.7,23.8,0.350574,0.0,0.412734,efficientdet_lite2_detection_metadata_1,0.3397
93,46,31.085570000000008,66.705,64.7,72.3,0.341163,0.0,0.412734,efficientdet_lite2_detection_metadata_1,0.3397
94,47,31.139435000000006,64.757,64.7,27.3,0.341163,0.0,0.395028,efficientdet_lite2_detection_metadata_1,0.3397
95,47,31.479729000000006,65.731,65.7,72.0,0.340294,0.0,0.395028,efficientdet_lite2_detection_metadata_1,0.3397
96,48,31.533800000000006,65.731,64.2,27.3,0.340294,0.0,0.394365,efficientdet_lite2_detection_metadata_1,0.3397
97,48,31.883029000000008,66.218,65.2,72.5,0.349229,0.0,0.394365,efficientdet_lite2_detection_metadata_1,0.3397
98,49,31.937264000000006,65.244,64.7,23.8,0.349229,0.0,0.403464,efficientdet_lite2_detection_metadata_1,0.3397
99,49,32.285735,66.705,66.2,72.0,0.348471,0.0,0.403464,efficientdet_lite2_detection_metadata_1,0.3397
100,50,32.339837,66.218,65.7,25.0,0.348471,0.0,0.402573,efficientdet_lite2_detection_metadata_1,0.3397
101,50,32.698615000000004,66.218,65.2,70.7,0.358778,0.0,0.402573,efficientdet_lite2_detection_metadata_1,0.3397
102,51,32.75271,65.244,65.2,25.0,0.358778,0.0,0.412873,efficientdet_lite2_detection_metadata_1,0.3397
103,51,33.100113,66.218,66.2,70.4,0.347403,0.0,0.412873,efficientdet_lite2_detection_metadata_1,0.3397
104,52,33.15413,66.218,65.2,28.6,0.347403,0.0,0.40142,efficientdet_lite2_detection_metadata_1,0.3397
105,52,33.510223,65.731,64.7,72.2,0.356093,0.0,0.40142,efficientdet_lite2_detection_metadata_1,0.3397
106,53,33.564131,64.757,65.2,23.8,0.356093,0.0,0.410001,efficientdet_lite2_detection_metadata_1,0.3397
107,53,33.917283000000005,65.731,65.7,70.6,0.353152,0.0,0.410001,efficientdet_lite2_detection_metadata_1,0.3397
108,54,33.971824000000005,65.731,65.2,25.0,0.353152,0.0,0.407693,efficientdet_lite2_detection_metadata_1,0.3397
109,54,34.33798300000001,66.218,65.2,70.1,0.366159,0.0,0.407693,efficientdet_lite2_detection_metadata_1,0.3397
110,55,34.391651,65.244,65.7,27.3,0.366159,0.0,0.419827,efficientdet_lite2_detection_metadata_1,0.3397
111,55,34.735329,66.218,65.7,71.3,0.343678,0.0,0.419827,efficientdet_lite2_detection_metadata_1,0.3397
112,56,34.789802,65.244,64.7,23.8,0.343678,0.0,0.398151,efficientdet_lite2_detection_metadata_1,0.3397
113,56,35.137966,65.731,66.2,71.3,0.348164,0.0,0.398151,efficientdet_lite2_detection_metadata_1,0.3397
114,57,35.195828,66.218,65.7,30.4,0.348164,0.0,0.406026,efficientdet_lite2_detection_metadata_1,0.3397
115,57,35.541277,66.705,65.2,71.3,0.345449,0.0,0.406026,efficientdet_lite2_detection_metadata_1,0.3397
116,58,35.595344,65.244,65.7,27.3,0.345449,0.0,0.399516,efficientdet_lite2_detection_metadata_1,0.3397
117,58,35.934093,66.705,65.2,72.6,0.338749,0.0,0.399516,efficientdet_lite2_detection_metadata_1,0.3397
118,59,35.987973999999994,65.244,65.2,29.2,0.338749,0.0,0.39263,efficientdet_lite2_detection_metadata_1,0.3397
119,59,36.329879999999996,66.218,65.2,72.8,0.341906,0.0,0.39263,efficientdet_lite2_detection_metadata_1,0.3397
120,60,36.38367099999999,65.244,64.7,27.3,0.341906,0.0,0.395697,efficientdet_lite2_detection_metadata_1,0.3397
121,60,36.72599699999999,66.705,65.2,71.5,0.342326,0.0,0.395697,efficientdet_lite2_detection_metadata_1,0.3397
122,61,36.78010199999999,65.244,65.2,28.6,0.342326,0.0,0.396431,efficientdet_lite2_detection_metadata_1,0.3397
123,61,37.143561999999996,66.218,65.7,70.7,0.36346,0.0,0.396431,efficientdet_lite2_detection_metadata_1,0.3397
124,62,37.19755899999999,65.244,65.2,28.6,0.36346,0.0,0.417457,efficientdet_lite2_detection_metadata_1,0.3397
125,62,37.542075999999994,66.705,65.7,71.5,0.344517,0.0,0.417457,efficientdet_lite2_detection_metadata_1,0.3397
126,63,37.59607099999999,65.731,65.2,30.4,0.344517,0.0,0.398512,efficientdet_lite2_detection_metadata_1,0.3397
127,63,37.946558999999986,66.705,66.2,72.7,0.350488,0.0,0.398512,efficientdet_lite2_detection_metadata_1,0.3397
128,64,38.000531999999986,66.218,65.7,27.3,0.350488,0.0,0.404461,efficientdet_lite2_detection_metadata_1,0.3397
129,64,38.34252199999999,67.192,66.2,71.8,0.34199,0.0,0.404461,efficientdet_lite2_detection_metadata_1,0.3397
130,65,38.39682999999999,66.218,64.7,27.3,0.34199,0.0,0.396298,efficientdet_lite2_detection_metadata_1,0.3397
131,65,38.76035499999999,66.218,65.2,70.7,0.363525,0.0,0.396298,efficientdet_lite2_detection_metadata_1,0.3397
132,66,38.81466599999999,65.244,65.7,23.8,0.363525,0.0,0.417836,efficientdet_lite2_detection_metadata_1,0.3397
133,66,39.15787299999999,65.731,66.2,71.5,0.343207,0.0,0.417836,efficientdet_lite2_detection_metadata_1,0.3397
134,67,39.21206699999999,66.218,66.2,28.6,0.343207,0.0,0.397401,efficientdet_lite2_detection_metadata_1,0.3397
135,67,39.55059199999999,67.192,66.2,72.3,0.338525,0.0,0.397401,efficientdet_lite2_detection_metadata_1,0.3397
136,68,39.61115299999999,66.218,66.2,23.8,0.338525,0.0,0.399086,efficientdet_lite2_detection_metadata_1,0.3397
137,68,39.96292299999999,67.192,66.2,71.6,0.35177,0.0,0.399086,efficientdet_lite2_detection_metadata_1,0.3397
138,69,40.01708399999999,66.218,65.2,27.3,0.35177,0.0,0.405931,efficientdet_lite2_detection_metadata_1,0.3397
139,69,40.36747899999999,66.705,66.2,71.0,0.350395,0.0,0.405931,efficientdet_lite2_detection_metadata_1,0.3397
140,70,40.42202299999999,66.218,65.2,34.8,0.350395,0.0,0.404939,efficientdet_lite2_detection_metadata_1,0.3397
141,70,40.76433999999999,68.653,66.2,72.8,0.342317,0.0,0.404939,efficientdet_lite1_detection_metadata_1,0.3397
142,71,40.81807699999999,66.705,66.7,23.8,0.342317,0.0,0.396054,efficientdet_lite1_detection_metadata_1,0.33286
143,71,41.048422999999985,67.192,65.7,66.1,0.230346,0.0,0.396054,efficientdet_lite2_detection_metadata_1,0.33286
144,72,41.10225099999999,65.731,65.7,23.8,0.230346,0.0,0.284174,efficientdet_lite2_detection_metadata_1,0.33286
145,72,41.46415799999999,66.218,64.7,70.7,0.361907,0.0,0.284174,efficientdet_lite2_detection_metadata_1,0.33286
146,73,41.51804499999999,64.757,65.2,27.3,0.361907,0.0,0.415794,efficientdet_lite2_detection_metadata_1,0.33286
147,73,41.860281999999984,68.166,66.7,71.2,0.342237,0.0,0.415794,efficientdet_lite1_detection_metadata_1,0.33286
148,74,41.914113999999984,66.218,66.7,25.0,0.342237,0.0,0.396069,efficientdet_lite1_detection_metadata_1,0.32602000000000003
149,74,42.14228699999998,66.705,66.2,67.0,0.228173,0.0,0.396069,efficientdet_lite2_detection_metadata_1,0.32602000000000003
150,75,42.20214399999998,66.218,65.2,23.8,0.228173,0.0,0.28803,efficientdet_lite2_detection_metadata_1,0.32602000000000003
151,75,42.54379999999998,66.705,65.7,72.0,0.341656,0.0,0.28803,efficientdet_lite2_detection_metadata_1,0.32602000000000003
152,76,42.597509999999986,65.731,65.7,21.1,0.341656,0.0,0.395366,efficientdet_lite2_detection_metadata_1,0.33286
153,76,42.945607999999986,67.192,66.2,70.9,0.348098,0.0,0.395366,efficientdet_lite2_detection_metadata_1,0.33286
154,77,42.999633999999986,66.218,65.7,30.4,0.348098,0.0,0.402124,efficientdet_lite2_detection_metadata_1,0.33286
155,77,43.35679399999999,66.218,66.2,71.8,0.35716,0.0,0.402124,efficientdet_lite2_detection_metadata_1,0.33286
156,78,43.41088999999999,66.218,66.7,23.8,0.35716,0.0,0.411256,efficientdet_lite2_detection_metadata_1,0.33286
157,78,44.00446699999999,66.218,65.2,72.7,0.593577,0.0,0.411256,efficientdet_lite2_detection_metadata_1,0.33286
158,79,44.058438999999986,65.244,65.7,23.8,0.593577,0.0,0.647549,efficientdet_lite2_detection_metadata_1,0.3397
159,79,44.399458999999986,65.731,66.7,72.0,0.34102,0.0,0.647549,efficientdet_lite2_detection_metadata_1,0.3397
160,80,44.45350399999999,66.705,65.7,28.6,0.34102,0.0,0.395065,efficientdet_lite2_detection_metadata_1,0.3397
161,80,44.804954999999985,66.705,66.2,70.0,0.351451,0.0,0.395065,efficientdet_lite2_detection_metadata_1,0.3397
162,81,44.85903599999999,66.218,65.2,29.2,0.351451,0.0,0.405532,efficientdet_lite2_detection_metadata_1,0.3397
163,81,45.20473299999999,66.705,66.2,71.2,0.345697,0.0,0.405532,efficientdet_lite2_detection_metadata_1,0.3397
164,82,45.258788999999986,66.218,66.7,31.8,0.345697,0.0,0.399753,efficientdet_lite2_detection_metadata_1,0.3397
165,82,45.60550999999999,66.218,66.7,70.9,0.346721,0.0,0.399753,efficientdet_lite2_detection_metadata_1,0.3397
166,83,45.65949599999998,66.705,66.7,27.3,0.346721,0.0,0.400707,efficientdet_lite2_detection_metadata_1,0.3397
167,83,46.02855599999998,66.218,67.2,70.8,0.36906,0.0,0.400707,efficientdet_lite2_detection_metadata_1,0.3397
168,84,46.082475999999986,67.192,66.7,27.3,0.36906,0.0,0.42298,efficientdet_lite2_detection_metadata_1,0.3397
169,84,46.422071999999986,66.705,67.2,72.4,0.339596,0.0,0.42298,efficientdet_lite2_detection_metadata_1,0.3397
170,85,46.476081999999984,67.192,66.7,27.3,0.339596,0.0,0.393606,efficientdet_lite2_detection_metadata_1,0.3397
171,85,46.849817999999985,67.192,67.2,71.4,0.373736,0.0,0.393606,efficientdet_lite2_detection_metadata_1,0.3397
172,86,46.903474999999986,67.192,66.7,25.0,0.373736,0.0,0.427393,efficientdet_lite2_detection_metadata_1,0.3397
173,86,47.25043499999999,66.705,65.7,71.4,0.34696,0.0,0.427393,efficientdet_lite2_detection_metadata_1,0.3397
174,87,47.30445899999999,65.731,66.7,25.0,0.34696,0.0,0.400984,efficientdet_lite2_detection_metadata_1,0.3397
175,87,47.68872299999999,66.705,67.6,69.9,0.384264,0.0,0.400984,efficientdet_lite2_detection_metadata_1,0.3397
176,88,47.74263899999999,67.679,66.2,27.3,0.384264,0.0,0.43818,efficientdet_lite2_detection_metadata_1,0.3397
177,88,48.07124999999999,67.679,66.7,73.9,0.328611,0.0,0.43818,efficientdet_lite1_detection_metadata_1,0.3397
178,89,48.12542099999999,66.705,66.7,23.8,0.328611,0.0,0.382782,efficientdet_lite1_detection_metadata_1,0.33286
179,89,48.35115399999999,68.653,67.2,66.7,0.225733,0.0,0.382782,efficientdet_lite1_detection_metadata_1,0.33286
180,90,48.41442899999999,67.192,67.2,40.9,0.225733,0.0,0.289008,efficientdet_lite1_detection_metadata_1,0.32602000000000003
181,90,48.65689799999999,66.218,66.2,64.1,0.242469,0.0,0.289008,efficientdet_lite2_detection_metadata_1,0.32602000000000003
182,91,48.71068299999999,66.218,66.2,25.0,0.242469,0.0,0.296254,efficientdet_lite2_detection_metadata_1,0.32602000000000003
183,91,49.05842399999999,67.192,66.2,70.3,0.347741,0.0,0.296254,efficientdet_lite2_detection_metadata_1,0.32602000000000003
184,92,49.11216599999999,66.218,66.2,31.8,0.347741,0.0,0.401483,efficientdet_lite2_detection_metadata_1,0.32602000000000003
185,92,49.45931799999999,66.218,66.2,73.1,0.347152,0.0,0.401483,efficientdet_lite2_detection_metadata_1,0.32602000000000003
186,93,49.51336599999999,66.218,66.7,23.8,0.347152,0.0,0.4012,efficientdet_lite2_detection_metadata_1,0.3260199999999999
187,93,49.84964999999999,67.192,67.2,72.7,0.336284,0.0,0.4012,efficientdet_lite2_detection_metadata_1,0.3260199999999999
188,94,49.90358699999999,67.679,67.6,27.3,0.336284,0.0,0.390221,efficientdet_lite2_detection_metadata_1,0.33286
189,94,50.25246199999999,67.192,67.2,73.3,0.348875,0.0,0.390221,efficientdet_lite2_detection_metadata_1,0.33286
190,95,50.30949799999999,67.192,66.7,28.6,0.348875,0.0,0.405911,efficientdet_lite2_detection_metadata_1,0.3397
191,95,50.67722999999999,68.166,67.6,74.1,0.367732,0.0,0.405911,efficientdet_lite1_detection_metadata_1,0.3397
192,96,50.73141699999999,67.679,65.7,23.8,0.367732,0.0,0.421919,efficientdet_lite1_detection_metadata_1,0.33286
193,96,50.974779999999996,67.192,67.6,64.7,0.243363,0.0,0.421919,efficientdet_lite2_detection_metadata_1,0.33286
194,97,51.03368699999999,67.679,66.7,30.4,0.243363,0.0,0.30227,efficientdet_lite2_detection_metadata_1,0.33286
195,97,51.37348599999999,66.705,67.6,72.3,0.339799,0.0,0.30227,efficientdet_lite2_detection_metadata_1,0.33286
196,98,51.427257999999995,67.679,66.7,27.3,0.339799,0.0,0.393571,efficientdet_lite2_detection_metadata_1,0.33286
197,98,51.788689999999995,67.679,66.2,74.4,0.361432,0.0,0.393571,efficientdet_lite1_detection_metadata_1,0.33286
198,99,51.84326899999999,66.218,67.2,28.6,0.361432,0.0,0.416011,efficientdet_lite1_detection_metadata_1,0.32602000000000003
199,99,52.08196499999999,66.705,67.2,67.8,0.238696,0.0,0.416011,efficientdet_lite2_detection_metadata_1,0.32602000000000003
200,100,52.136044999999996,67.192,66.2,23.8,0.238696,0.0,0.292776,efficientdet_lite2_detection_metadata_1,0.32602000000000003
201,100,52.488310999999996,66.705,66.7,73.3,0.352266,0.0,0.292776,efficientdet_lite2_detection_metadata_1,0.32602000000000003
202,101,52.544126,66.705,66.7,25.0,0.352266,0.0,0.408081,efficientdet_lite2_detection_metadata_1,0.33286
203,101,52.911283,67.679,66.7,76.5,0.367157,0.0,0.408081,efficientdet_lite1_detection_metadata_1,0.33286
204,102,52.965347,66.705,66.2,27.3,0.367157,0.0,0.421221,efficientdet_lite1_detection_metadata_1,0.32602000000000003
205,102,53.188998,67.192,67.2,68.2,0.223651,0.0,0.421221,efficientdet_lite2_detection_metadata_1,0.32602000000000003
206,103,53.243765,67.192,67.2,25.0,0.223651,0.0,0.278418,efficientdet_lite2_detection_metadata_1,0.32602000000000003
207,103,53.584017,66.218,67.2,72.2,0.340252,0.0,0.278418,efficientdet_lite2_detection_metadata_1,0.32602000000000003
208,104,53.638066,67.192,66.7,37.5,0.340252,0.0,0.394301,efficientdet_lite2_detection_metadata_1,0.33286
209,104,53.981701,67.679,67.2,73.6,0.343635,0.0,0.394301,efficientdet_lite1_detection_metadata_1,0.33286
210,105,54.035455,67.192,67.2,23.8,0.343635,0.0,0.397389,efficientdet_lite1_detection_metadata_1,0.32602000000000003
211,105,54.269393,67.192,67.2,65.2,0.233938,0.0,0.397389,efficientdet_lite2_detection_metadata_1,0.32602000000000003
212,106,54.325781,66.705,66.2,37.5,0.233938,0.0,0.290326,efficientdet_lite2_detection_metadata_1,0.32602000000000003
213,106,54.684188,67.192,68.1,72.1,0.358407,0.0,0.290326,efficientdet_lite2_detection_metadata_1,0.32602000000000003
214,107,54.738156,68.166,66.7,25.0,0.358407,0.0,0.412375,efficientdet_lite2_detection_metadata_1,0.33286
215,107,55.079499999999996,67.679,66.7,71.8,0.341344,0.0,0.412375,efficientdet_lite1_detection_metadata_1,0.33286
216,108,55.13372699999999,66.705,67.6,27.3,0.341344,0.0,0.395571,efficientdet_lite1_detection_metadata_1,0.32602000000000003
217,108,55.361354999999996,67.679,68.1,67.5,0.227628,0.0,0.395571,efficientdet_lite1_detection_metadata_1,0.32602000000000003
218,109,55.421676999999995,67.192,66.2,23.8,0.227628,0.0,0.28795,efficientdet_lite1_detection_metadata_1,0.31917999999999996
219,109,55.64897,67.192,67.2,66.4,0.227293,0.0,0.28795,efficientdet_lite2_detection_metadata_1,0.31917999999999996
220,110,55.70301499999999,67.192,66.7,28.6,0.227293,0.0,0.281338,efficientdet_lite2_detection_metadata_1,0.32602000000000003
221,110,56.04114899999999,67.679,66.7,72.3,0.338134,0.0,0.281338,efficientdet_lite1_detection_metadata_1,0.32602000000000003
222,111,56.09528199999999,66.705,68.1,23.8,0.338134,0.0,0.392267,efficientdet_lite1_detection_metadata_1,0.31917999999999996
223,111,56.33613899999999,68.653,67.6,69.2,0.240857,0.0,0.392267,efficientdet_lite1_detection_metadata_1,0.31917999999999996
224,112,56.39038499999999,67.679,67.2,23.8,0.240857,0.0,0.295103,efficientdet_lite1_detection_metadata_1,0.31234
225,112,56.61313699999999,67.679,67.6,67.0,0.222752,0.0,0.295103,efficientdet_lite1_detection_metadata_1,0.31234
226,113,56.667228999999985,67.192,67.2,23.8,0.222752,0.0,0.276844,efficientdet_lite1_detection_metadata_1,0.31234
227,113,56.88839199999998,67.679,67.2,67.9,0.221163,0.0,0.276844,efficientdet_lite1_detection_metadata_1,0.31234
228,114,56.94250799999998,67.192,66.7,23.8,0.221163,0.0,0.275279,efficientdet_lite1_detection_metadata_1,0.31234
229,114,57.17130899999998,68.166,68.1,68.8,0.228801,0.0,0.275279,efficientdet_lite1_detection_metadata_1,0.31234
230,115,57.225720999999986,68.166,67.6,27.3,0.228801,0.0,0.283213,efficientdet_lite1_detection_metadata_1,0.3055
231,115,57.44810599999999,67.679,67.2,67.3,0.222385,0.0,0.283213,efficientdet_lite1_detection_metadata_1,0.3055
232,116,57.503377999999984,67.192,67.6,23.8,0.222385,0.0,0.277657,efficientdet_lite1_detection_metadata_1,0.3055
233,116,57.733167999999985,68.653,67.2,66.4,0.22979,0.0,0.277657,efficientdet_lite1_detection_metadata_1,0.3055
234,117,57.78726799999998,67.192,67.2,27.3,0.22979,0.0,0.28389,efficientdet_lite1_detection_metadata_1,0.3055
235,117,58.02747999999998,67.192,67.6,67.0,0.240212,0.0,0.28389,efficientdet_lite2_detection_metadata_1,0.3055
236,118,58.08174899999998,67.679,66.7,30.4,0.240212,0.0,0.294481,efficientdet_lite2_detection_metadata_1,0.31234
237,118,58.42559099999998,66.705,67.6,72.0,0.343842,0.0,0.294481,efficientdet_lite2_detection_metadata_1,0.31234
238,119,58.47981799999998,67.679,67.6,23.8,0.343842,0.0,0.398069,efficientdet_lite2_detection_metadata_1,0.31917999999999996
239,119,58.82752299999998,67.679,67.2,71.9,0.347705,0.0,0.398069,efficientdet_lite1_detection_metadata_1,0.31917999999999996
240,120,58.88377999999998,67.192,68.1,28.6,0.347705,0.0,0.403962,efficientdet_lite1_detection_metadata_1,0.31917999999999996
241,120,59.10542899999998,67.679,67.6,67.0,0.221649,0.0,0.403962,efficientdet_lite1_detection_metadata_1,0.31917999999999996
242,121,59.15921099999998,67.679,66.7,23.8,0.221649,0.0,0.275431,efficientdet_lite1_detection_metadata_1,0.31917999999999996
243,121,59.38773699999998,67.192,67.2,66.4,0.228526,0.0,0.275431,efficientdet_lite2_detection_metadata_1,0.31917999999999996
244,122,59.441750999999975,67.192,67.2,27.3,0.228526,0.0,0.28254,efficientdet_lite2_detection_metadata_1,0.32602000000000003
245,122,59.806365999999976,67.192,67.6,71.3,0.364615,0.0,0.28254,efficientdet_lite2_detection_metadata_1,0.32602000000000003
246,123,59.860484999999976,67.679,67.6,27.3,0.364615,0.0,0.418734,efficientdet_lite2_detection_metadata_1,0.32602000000000003
247,123,60.198479999999975,67.679,67.2,72.9,0.337995,0.0,0.418734,efficientdet_lite1_detection_metadata_1,0.32602000000000003
248,124,60.25243799999998,67.192,68.1,23.8,0.337995,0.0,0.391953,efficientdet_lite1_detection_metadata_1,0.31917999999999996
249,124,60.48877399999998,67.679,67.6,64.9,0.236336,0.0,0.391953,efficientdet_lite1_detection_metadata_1,0.31917999999999996
250,125,60.542890999999976,67.679,68.1,36.0,0.236336,0.0,0.290453,efficientdet_lite1_detection_metadata_1,0.31917999999999996
251,125,60.772369999999974,68.166,67.2,66.4,0.229479,0.0,0.290453,efficientdet_lite1_detection_metadata_1,0.31917999999999996
252,126,60.82634099999998,67.679,67.6,25.0,0.229479,0.0,0.28345,efficientdet_lite1_detection_metadata_1,0.31917999999999996
253,126,61.05229599999998,66.705,68.1,66.7,0.225955,0.0,0.28345,efficientdet_lite2_detection_metadata_1,0.31917999999999996
254,127,61.10637099999998,68.166,68.1,23.8,0.225955,0.0,0.28003,efficientdet_lite2_detection_metadata_1,0.31917999999999996
255,127,61.45489699999998,67.679,67.2,72.3,0.348526,0.0,0.28003,efficientdet_lite1_detection_metadata_1,0.31917999999999996
256,128,61.50876799999998,67.192,67.6,27.3,0.348526,0.0,0.402397,efficientdet_lite1_detection_metadata_1,0.31234
257,128,61.72745099999998,67.679,66.7,67.6,0.218683,0.0,0.402397,efficientdet_lite1_detection_metadata_1,0.31234
258,129,61.78122699999998,66.705,66.2,27.3,0.218683,0.0,0.272459,efficientdet_lite1_detection_metadata_1,0.31234
259,129,62.00547099999998,67.679,67.2,67.3,0.224244,0.0,0.272459,efficientdet_lite1_detection_metadata_1,0.31234
260,130,62.05945899999998,67.192,68.1,23.8,0.224244,0.0,0.278232,efficientdet_lite1_detection_metadata_1,0.31234
261,130,62.29405199999998,67.679,66.7,66.7,0.234593,0.0,0.278232,efficientdet_lite1_detection_metadata_1,0.31234
262,131,62.34807199999998,67.679,66.7,27.3,0.234593,0.0,0.288613,efficientdet_lite1_detection_metadata_1,0.31234
263,131,62.58435299999998,67.679,67.6,64.9,0.236281,0.0,0.288613,efficientdet_lite1_detection_metadata_1,0.31234
264,132,62.63825099999998,67.679,66.7,23.8,0.236281,0.0,0.290179,efficientdet_lite1_detection_metadata_1,0.3055
265,132,62.86123099999998,67.192,68.1,67.0,0.22298,0.0,0.290179,efficientdet_lite2_detection_metadata_1,0.3055
266,133,62.915050999999984,68.166,68.1,30.4,0.22298,0.0,0.2768,efficientdet_lite2_detection_metadata_1,0.31234
267,133,63.265405999999984,68.653,68.1,72.5,0.350355,0.0,0.2768,efficientdet_lite1_detection_metadata_1,0.31234
268,134,63.319420999999984,68.166,68.6,28.6,0.350355,0.0,0.40437,efficientdet_lite1_detection_metadata_1,0.31234
269,134,63.544327999999986,67.679,67.2,67.3,0.224907,0.0,0.40437,efficientdet_lite1_detection_metadata_1,0.31234
270,135,63.59838399999998,67.192,67.6,25.0,0.224907,0.0,0.278963,efficientdet_lite1_detection_metadata_1,0.31234
271,135,63.81842099999998,68.653,68.1,67.0,0.220037,0.0,0.278963,efficientdet_lite1_detection_metadata_1,0.31234
272,136,63.87253099999999,68.166,66.2,28.6,0.220037,0.0,0.274147,efficientdet_lite1_detection_metadata_1,0.31234
273,136,64.10696599999999,68.166,67.2,67.8,0.234435,0.0,0.274147,efficientdet_lite1_detection_metadata_1,0.31234
274,137,64.16096299999998,67.192,68.1,23.8,0.234435,0.0,0.288432,efficientdet_lite1_detection_metadata_1,0.31234
275,137,64.38455899999998,67.679,68.6,67.3,0.223596,0.0,0.288432,efficientdet_lite1_detection_metadata_1,0.31234
276,138,64.43850599999998,68.653,68.1,23.8,0.223596,0.0,0.277543,efficientdet_lite1_detection_metadata_1,0.3055
277,138,64.66540299999997,67.192,68.1,67.0,0.226897,0.0,0.277543,efficientdet_lite2_detection_metadata_1,0.3055
278,139,64.71954399999997,68.166,67.6,23.8,0.226897,0.0,0.281038,efficientdet_lite2_detection_metadata_1,0.31234
279,139,65.06504099999997,67.679,67.6,73.4,0.345497,0.0,0.281038,efficientdet_lite1_detection_metadata_1,0.31234
280,140,65.11889699999998,67.679,67.6,23.8,0.345497,0.0,0.399353,efficientdet_lite1_detection_metadata_1,0.31234
281,140,65.34317699999997,68.166,67.2,67.6,0.22428,0.0,0.399353,efficientdet_lite1_detection_metadata_1,0.31234
282,141,65.39703199999998,67.192,67.6,27.3,0.22428,0.0,0.278135,efficientdet_lite1_detection_metadata_1,0.31234
283,141,65.62075499999999,67.679,67.2,67.3,0.223723,0.0,0.278135,efficientdet_lite1_detection_metadata_1,0.31234
284,142,65.68294599999999,67.192,67.2,27.3,0.223723,0.0,0.285914,efficientdet_lite1_detection_metadata_1,0.31234
285,142,65.91584399999999,68.166,67.2,64.3,0.232898,0.0,0.285914,efficientdet_lite1_detection_metadata_1,0.31234
286,143,65.96978299999999,67.679,67.6,31.8,0.232898,0.0,0.286837,efficientdet_lite1_detection_metadata_1,0.31234
287,143,66.195296,68.166,67.6,66.4,0.225513,0.0,0.286837,efficientdet_lite1_detection_metadata_1,0.31234
288,144,66.24927699999999,68.166,67.6,27.3,0.225513,0.0,0.279494,efficientdet_lite1_detection_metadata_1,0.3055
289,144,66.47505699999999,69.627,67.6,67.8,0.22578,0.0,0.279494,efficientdet_lite0_detection_metadata_1,0.3055
290,145,66.53530099999999,67.679,66.7,25.0,0.22578,0.0,0.286024,efficientdet_lite0_detection_metadata_1,0.29578
291,145,66.66523799999999,68.166,67.6,58.3,0.129937,0.0,0.286024,efficientdet_lite1_detection_metadata_1,0.29578
292,146,66.719056,67.679,68.6,23.8,0.129937,0.0,0.183755,efficientdet_lite1_detection_metadata_1,0.29578
293,146,66.95080399999999,68.653,68.1,65.8,0.231748,0.0,0.183755,efficientdet_lite1_detection_metadata_1,0.29578
294,147,67.00490599999999,68.166,67.6,27.3,0.231748,0.0,0.28585,efficientdet_lite1_detection_metadata_1,0.29578
295,147,67.230156,67.679,68.1,66.4,0.22525,0.0,0.28585,efficientdet_lite1_detection_metadata_1,0.29578
296,148,67.284106,68.166,67.2,28.6,0.22525,0.0,0.2792,efficientdet_lite1_detection_metadata_1,0.29578
297,148,67.52247799999999,68.166,67.2,66.1,0.238372,0.0,0.2792,efficientdet_lite1_detection_metadata_1,0.29578
298,149,67.576476,67.192,67.2,21.1,0.238372,0.0,0.29237,efficientdet_lite1_detection_metadata_1,0.29578
299,149,67.798067,68.166,68.1,67.3,0.221591,0.0,0.29237,efficientdet_lite1_detection_metadata_1,0.29578
300,150,67.852217,68.166,67.6,23.8,0.221591,0.0,0.275741,efficientdet_lite1_detection_metadata_1,0.3055
301,150,68.080978,68.166,68.6,66.7,0.228761,0.0,0.275741,efficientdet_lite1_detection_metadata_1,0.3055
302,151,68.135144,68.653,66.7,25.0,0.228761,0.0,0.282927,efficientdet_lite1_detection_metadata_1,0.3055
303,151,68.364845,68.166,68.6,68.1,0.229701,0.0,0.282927,efficientdet_lite1_detection_metadata_1,0.3055
304,152,68.418594,68.653,67.2,27.3,0.229701,0.0,0.28345,efficientdet_lite1_detection_metadata_1,0.3055
305,152,68.64719099999999,67.679,67.6,66.1,0.228597,0.0,0.28345,efficientdet_lite1_detection_metadata_1,0.3055
306,153,68.701476,67.679,68.1,28.6,0.228597,0.0,0.282882,efficientdet_lite1_detection_metadata_1,0.3055
307,153,68.928591,68.653,67.6,66.7,0.227115,0.0,0.282882,efficientdet_lite1_detection_metadata_1,0.3055
308,154,68.982547,67.679,68.6,27.3,0.227115,0.0,0.281071,efficientdet_lite1_detection_metadata_1,0.3055
309,154,69.22196,67.192,67.2,65.0,0.239413,0.0,0.281071,efficientdet_lite2_detection_metadata_1,0.3055
310,155,69.27609199999999,67.192,66.7,28.6,0.239413,0.0,0.293545,efficientdet_lite2_detection_metadata_1,0.31234
311,155,69.61486099999999,68.166,68.1,72.6,0.338769,0.0,0.293545,efficientdet_lite1_detection_metadata_1,0.31234
312,156,69.66886399999999,68.166,67.6,27.3,0.338769,0.0,0.392772,efficientdet_lite1_detection_metadata_1,0.31234
313,156,69.89026399999999,68.653,68.6,67.9,0.2214,0.0,0.392772,efficientdet_lite1_detection_metadata_1,0.31234
314,157,69.95116099999998,68.653,67.6,27.3,0.2214,0.0,0.282297,efficientdet_lite1_detection_metadata_1,0.31234
315,157,70.16715299999998,68.166,68.1,67.9,0.215992,0.0,0.282297,efficientdet_lite1_detection_metadata_1,0.31234
316,158,70.22140399999998,68.166,67.6,23.8,0.215992,0.0,0.270243,efficientdet_lite1_detection_metadata_1,0.31234
317,158,70.45375699999998,68.166,67.6,65.8,0.232353,0.0,0.270243,efficientdet_lite1_detection_metadata_1,0.31234
318,159,70.50771999999998,68.166,67.2,25.0,0.232353,0.0,0.286316,efficientdet_lite1_detection_metadata_1,0.31234
319,159,70.73253999999997,68.653,68.1,67.3,0.22482,0.0,0.286316,efficientdet_lite1_detection_metadata_1,0.31234
320,160,70.79220099999998,68.166,67.6,27.3,0.22482,0.0,0.284481,efficientdet_lite1_detection_metadata_1,0.3055
321,160,71.01413899999997,68.166,68.6,67.0,0.221938,0.0,0.284481,efficientdet_lite1_detection_metadata_1,0.3055
322,161,71.06824599999997,68.653,68.1,28.6,0.221938,0.0,0.276045,efficientdet_lite1_detection_metadata_1,0.3055
323,161,71.29429599999997,68.166,67.2,66.1,0.22605,0.0,0.276045,efficientdet_lite1_detection_metadata_1,0.3055
324,162,71.34844899999997,67.192,67.6,25.0,0.22605,0.0,0.280203,efficientdet_lite1_detection_metadata_1,0.3055
325,162,71.57679299999998,68.166,68.1,67.0,0.228344,0.0,0.280203,efficientdet_lite1_detection_metadata_1,0.3055
326,163,71.63651799999997,68.166,67.6,23.8,0.228344,0.0,0.288069,efficientdet_lite1_detection_metadata_1,0.3055
327,163,71.85771399999997,67.679,69.1,67.6,0.221196,0.0,0.288069,efficientdet_lite1_detection_metadata_1,0.3055
328,164,71.91165799999996,69.14,68.6,27.3,0.221196,0.0,0.27514,efficientdet_lite1_detection_metadata_1,0.3055
329,164,72.14132799999996,68.166,68.1,66.1,0.22967,0.0,0.27514,efficientdet_lite1_detection_metadata_1,0.3055
330,165,72.19516399999996,68.166,68.1,27.3,0.22967,0.0,0.283506,efficientdet_lite1_detection_metadata_1,0.3055
331,165,72.42046099999996,68.653,68.1,68.1,0.225297,0.0,0.283506,efficientdet_lite1_detection_metadata_1,0.3055
332,166,72.47991799999997,68.166,67.6,27.3,0.225297,0.0,0.284754,efficientdet_lite1_detection_metadata_1,0.3055
333,166,72.70397999999997,69.14,67.6,66.7,0.224062,0.0,0.284754,efficientdet_lite0_detection_metadata_1,0.3055
334,167,72.75787699999997,67.679,68.1,23.8,0.224062,0.0,0.277959,efficientdet_lite0_detection_metadata_1,0.29578
335,167,72.89268299999996,68.653,68.6,59.2,0.134806,0.0,0.277959,efficientdet_lite1_detection_metadata_1,0.29578
336,168,72.94649499999997,68.653,68.1,30.4,0.134806,0.0,0.188618,efficientdet_lite1_detection_metadata_1,0.29578
337,168,73.17201099999997,68.653,69.1,66.4,0.225516,0.0,0.188618,efficientdet_lite1_detection_metadata_1,0.29578
338,169,73.22608799999998,69.14,67.6,34.6,0.225516,0.0,0.279593,efficientdet_lite1_detection_metadata_1,0.29578
339,169,73.45042399999997,68.653,67.2,67.6,0.224336,0.0,0.279593,efficientdet_lite1_detection_metadata_1,0.29578
340,170,73.50414399999998,67.192,67.2,23.8,0.224336,0.0,0.278056,efficientdet_lite1_detection_metadata_1,0.29578
341,170,73.72943799999999,67.679,67.6,66.4,0.225294,0.0,0.278056,efficientdet_lite1_detection_metadata_1,0.29578
342,171,73.78315499999998,67.679,68.1,28.6,0.225294,0.0,0.279011,efficientdet_lite1_detection_metadata_1,0.29578
343,171,74.01587999999998,68.166,67.2,65.8,0.232725,0.0,0.279011,efficientdet_lite1_detection_metadata_1,0.29578
344,172,74.06955099999998,67.192,68.6,29.2,0.232725,0.0,0.286396,efficientdet_lite1_detection_metadata_1,0.3055
345,172,74.29338699999998,68.166,68.1,67.0,0.223836,0.0,0.286396,efficientdet_lite1_detection_metadata_1,0.3055
346,173,74.34714199999998,68.166,68.1,30.4,0.223836,0.0,0.277591,efficientdet_lite1_detection_metadata_1,0.3055
347,173,74.57305899999997,68.653,68.1,66.1,0.225917,0.0,0.277591,efficientdet_lite1_detection_metadata_1,0.3055
348,174,74.62707799999998,68.166,68.1,28.6,0.225917,0.0,0.279936,efficientdet_lite1_detection_metadata_1,0.3055
349,174,74.85202099999998,68.166,68.1,65.8,0.224943,0.0,0.279936,efficientdet_lite1_detection_metadata_1,0.3055
350,175,74.90773099999998,68.166,67.6,38.5,0.224943,0.0,0.280653,efficientdet_lite1_detection_metadata_1,0.3055
351,175,75.13606099999998,68.166,67.6,66.7,0.22833,0.0,0.280653,efficientdet_lite1_detection_metadata_1,0.3055
352,176,75.18978799999998,67.679,68.1,23.8,0.22833,0.0,0.282057,efficientdet_lite1_detection_metadata_1,0.3055
353,176,75.41796099999998,68.653,69.1,65.8,0.228173,0.0,0.282057,efficientdet_lite1_detection_metadata_1,0.3055
354,177,75.47203699999997,69.14,67.6,28.6,0.228173,0.0,0.282249,efficientdet_lite1_detection_metadata_1,0.3055
355,177,75.69394999999997,69.14,68.6,66.7,0.221913,0.0,0.282249,efficientdet_lite0_detection_metadata_1,0.3055
356,178,75.74819199999997,68.653,67.6,42.9,0.221913,0.0,0.276155,efficientdet_lite0_detection_metadata_1,0.29578
357,178,75.88148899999997,69.14,67.6,59.5,0.133297,0.0,0.276155,efficientdet_lite0_detection_metadata_1,0.29578
358,179,75.93524999999997,68.166,67.6,23.8,0.133297,0.0,0.187058,efficientdet_lite0_detection_metadata_1,0.28606
359,179,76.07019599999997,68.653,68.1,58.7,0.134946,0.0,0.187058,efficientdet_lite1_detection_metadata_1,0.28606
360,180,76.12417799999997,68.653,68.6,27.3,0.134946,0.0,0.188928,efficientdet_lite1_detection_metadata_1,0.28606
361,180,76.35065999999998,68.166,68.1,66.1,0.226482,0.0,0.188928,efficientdet_lite1_detection_metadata_1,0.28606
362,181,76.40470999999997,67.679,68.1,31.8,0.226482,0.0,0.280532,efficientdet_lite1_detection_metadata_1,0.28606
363,181,76.67333499999997,68.653,68.1,64.3,0.268625,0.0,0.280532,efficientdet_lite1_detection_metadata_1,0.28606
364,182,76.72752099999997,67.192,67.6,20.0,0.268625,0.0,0.322811,efficientdet_lite1_detection_metadata_1,0.28606
365,182,76.95502599999996,69.14,68.6,66.7,0.227505,0.0,0.322811,efficientdet_lite0_detection_metadata_1,0.28606
366,183,77.00891099999997,68.653,67.6,27.3,0.227505,0.0,0.28139,efficientdet_lite0_detection_metadata_1,0.28606
367,183,77.14091699999997,68.166,68.1,58.9,0.132006,0.0,0.28139,efficientdet_lite1_detection_metadata_1,0.28606
368,184,77.19443299999998,68.653,68.1,23.8,0.132006,0.0,0.185522,efficientdet_lite1_detection_metadata_1,0.29578
369,184,77.43482099999997,68.166,68.1,68.7,0.240388,0.0,0.185522,efficientdet_lite1_detection_metadata_1,0.29578
370,185,77.48910399999997,68.166,67.6,27.3,0.240388,0.0,0.294671,efficientdet_lite1_detection_metadata_1,0.29578
371,185,77.71601999999997,69.14,67.6,67.3,0.226916,0.0,0.294671,efficientdet_lite0_detection_metadata_1,0.29578
372,186,77.76999699999998,67.679,67.2,23.8,0.226916,0.0,0.280893,efficientdet_lite0_detection_metadata_1,0.28606
373,186,77.90095299999997,67.192,68.6,58.9,0.130956,0.0,0.280893,efficientdet_lite2_detection_metadata_1,0.28606
374,187,77.95506799999997,68.653,67.6,27.3,0.130956,0.0,0.185071,efficientdet_lite2_detection_metadata_1,0.29290000000000005
375,187,78.31050199999997,67.679,69.1,72.0,0.355434,0.0,0.185071,efficientdet_lite1_detection_metadata_1,0.29290000000000005
376,188,78.36453299999997,69.14,68.6,27.3,0.355434,0.0,0.409465,efficientdet_lite1_detection_metadata_1,0.30262
377,188,78.59234399999997,68.653,68.1,67.0,0.227811,0.0,0.409465,efficientdet_lite1_detection_metadata_1,0.30262
378,189,78.64653099999997,68.166,67.6,23.8,0.227811,0.0,0.281998,efficientdet_lite1_detection_metadata_1,0.30262
379,189,78.86955699999997,68.166,68.1,67.3,0.223026,0.0,0.281998,efficientdet_lite1_detection_metadata_1,0.30262
380,190,78.92336199999997,68.166,67.6,23.8,0.223026,0.0,0.276831,efficientdet_lite1_detection_metadata_1,0.30262
381,190,79.15825299999997,69.14,69.1,67.3,0.234891,0.0,0.276831,efficientdet_lite0_detection_metadata_1,0.30262
382,191,79.21220099999996,69.14,68.6,27.3,0.234891,0.0,0.288839,efficientdet_lite0_detection_metadata_1,0.30262
383,191,79.34778399999996,68.166,68.6,58.1,0.135583,0.0,0.288839,efficientdet_lite1_detection_metadata_1,0.30262
384,192,79.40193099999996,68.653,68.1,27.3,0.135583,0.0,0.18973,efficientdet_lite1_detection_metadata_1,0.29578
385,192,79.63157199999996,67.679,68.6,66.1,0.229641,0.0,0.18973,efficientdet_lite1_detection_metadata_1,0.29578
386,193,79.68559999999997,68.653,67.6,23.8,0.229641,0.0,0.283669,efficientdet_lite1_detection_metadata_1,0.29578
387,193,79.90579699999996,68.166,69.1,68.1,0.220197,0.0,0.283669,efficientdet_lite1_detection_metadata_1,0.29578
388,194,79.96762899999996,69.14,68.6,23.8,0.220197,0.0,0.282029,efficientdet_lite1_detection_metadata_1,0.29578
389,194,80.19374199999996,69.14,69.1,67.0,0.226113,0.0,0.282029,efficientdet_lite0_detection_metadata_1,0.29578
390,195,80.24759299999997,69.14,68.1,25.0,0.226113,0.0,0.279964,efficientdet_lite0_detection_metadata_1,0.28606
391,195,80.38389899999997,69.14,68.6,56.8,0.136306,0.0,0.279964,efficientdet_lite0_detection_metadata_1,0.28606
392,196,80.43769899999997,68.653,66.7,27.3,0.136306,0.0,0.190106,efficientdet_lite0_detection_metadata_1,0.28606
393,196,80.56862299999996,68.166,67.6,59.5,0.130924,0.0,0.190106,efficientdet_lite1_detection_metadata_1,0.28606
394,197,80.62259599999997,67.679,67.2,20.0,0.130924,0.0,0.184897,efficientdet_lite1_detection_metadata_1,0.28606
395,197,80.86096599999998,68.653,67.6,67.5,0.23837,0.0,0.184897,efficientdet_lite1_detection_metadata_1,0.28606
396,198,80.91462899999998,67.679,68.1,23.8,0.23837,0.0,0.292033,efficientdet_lite1_detection_metadata_1,0.28606
397,198,81.14021499999998,68.653,68.6,66.7,0.225586,0.0,0.292033,efficientdet_lite1_detection_metadata_1,0.28606
398,199,81.19394199999998,68.653,67.6,25.0,0.225586,0.0,0.279313,efficientdet_lite1_detection_metadata_1,0.28606
399,199,81.41809899999998,69.627,68.1,67.6,0.224157,0.0,0.279313,efficientdet_lite0_detection_metadata_1,0.28606
400,200,81.47217899999998,68.166,68.6,23.8,0.224157,0.0,0.278237,efficientdet_lite0_detection_metadata_1,0.28606
401,200,81.61496299999999,69.14,68.6,59.0,0.142784,0.0,0.278237,efficientdet_lite0_detection_metadata_1,0.28606
402,201,81.66867699999999,68.653,68.1,25.0,0.142784,0.0,0.196498,efficientdet_lite0_detection_metadata_1,0.28606
403,201,81.81245599999998,68.166,69.1,55.1,0.143779,0.0,0.196498,efficientdet_lite1_detection_metadata_1,0.28606
404,202,81.86634099999999,69.14,68.1,28.6,0.143779,0.0,0.197664,efficientdet_lite1_detection_metadata_1,0.28606
405,202,82.10647599999999,68.166,69.1,65.3,0.240135,0.0,0.197664,efficientdet_lite1_detection_metadata_1,0.28606
406,203,82.16062199999999,69.14,68.6,27.3,0.240135,0.0,0.294281,efficientdet_lite1_detection_metadata_1,0.28606
407,203,82.39052199999999,69.627,69.6,66.1,0.2299,0.0,0.294281,efficientdet_lite0_detection_metadata_1,0.28606
408,204,82.45281099999998,69.627,67.6,23.8,0.2299,0.0,0.292189,efficientdet_lite0_detection_metadata_1,0.27634
409,204,82.58313399999999,69.627,67.6,58.3,0.130323,0.0,0.292189,efficientdet_lite0_detection_metadata_1,0.27634
410,205,82.63726299999998,68.166,67.6,27.3,0.130323,0.0,0.184452,efficientdet_lite0_detection_metadata_1,0.27634
411,205,82.77149099999997,70.114,68.6,58.1,0.134228,0.0,0.184452,efficientdet_lite0_detection_metadata_1,0.27634
412,206,82.82555599999998,68.653,68.6,27.3,0.134228,0.0,0.188293,efficientdet_lite0_detection_metadata_1,0.27634
413,206,82.96966299999998,69.627,68.1,56.4,0.144107,0.0,0.188293,efficientdet_lite0_detection_metadata_1,0.27634
414,207,83.02373899999998,68.166,68.6,23.8,0.144107,0.0,0.198183,efficientdet_lite0_detection_metadata_1,0.26661999999999997
415,207,83.16517499999998,69.627,67.6,57.1,0.141436,0.0,0.198183,efficientdet_lite0_detection_metadata_1,0.26661999999999997
416,208,83.22642799999998,67.679,67.2,27.3,0.141436,0.0,0.202689,efficientdet_lite0_detection_metadata_1,0.2569
417,208,83.36065399999998,69.627,69.6,56.8,0.134226,0.0,0.202689,efficientdet_lite0_detection_metadata_1,0.2569
418,209,83.41461899999999,69.627,67.6,27.3,0.134226,0.0,0.188191,efficientdet_lite0_detection_metadata_1,0.2569
419,209,83.55521399999999,68.166,68.6,57.1,0.140595,0.0,0.188191,efficientdet_lite1_detection_metadata_1,0.2569
420,210,83.60894499999999,68.166,67.6,21.1,0.140595,0.0,0.194326,efficientdet_lite1_detection_metadata_1,0.26661999999999997
421,210,83.842389,68.166,68.6,65.5,0.233444,0.0,0.194326,efficientdet_lite1_detection_metadata_1,0.26661999999999997
422,211,83.89635,68.653,68.6,23.8,0.233444,0.0,0.287405,efficientdet_lite1_detection_metadata_1,0.27634
423,211,84.135668,69.14,68.6,66.4,0.239318,0.0,0.287405,efficientdet_lite0_detection_metadata_1,0.27634
424,212,84.189523,69.14,69.1,25.0,0.239318,0.0,0.293173,efficientdet_lite0_detection_metadata_1,0.27634
425,212,84.333979,68.166,68.1,55.8,0.144456,0.0,0.293173,efficientdet_lite1_detection_metadata_1,0.27634
426,213,84.387616,68.166,67.6,27.3,0.144456,0.0,0.198093,efficientdet_lite1_detection_metadata_1,0.28606
427,213,84.61318,69.14,68.6,66.1,0.225564,0.0,0.198093,efficientdet_lite0_detection_metadata_1,0.28606
428,214,84.667232,68.653,68.6,27.3,0.225564,0.0,0.279616,efficientdet_lite0_detection_metadata_1,0.28606
429,214,84.827448,68.653,68.1,58.6,0.160216,0.0,0.279616,efficientdet_lite1_detection_metadata_1,0.28606
430,215,84.888969,68.653,67.6,28.6,0.160216,0.0,0.221737,efficientdet_lite1_detection_metadata_1,0.28606
431,215,85.130874,68.653,67.6,64.7,0.241905,0.0,0.221737,efficientdet_lite1_detection_metadata_1,0.28606
432,216,85.18472200000001,67.679,68.6,27.3,0.241905,0.0,0.295753,efficientdet_lite1_detection_metadata_1,0.28606
433,216,85.41717700000001,68.653,68.1,65.8,0.232455,0.0,0.295753,efficientdet_lite1_detection_metadata_1,0.28606
434,217,85.470937,68.166,67.2,27.3,0.232455,0.0,0.286215,efficientdet_lite1_detection_metadata_1,0.29578
435,217,85.704887,68.653,68.1,66.4,0.23395,0.0,0.286215,efficientdet_lite1_detection_metadata_1,0.29578
436,218,85.759152,68.166,68.1,27.3,0.23395,0.0,0.288215,efficientdet_lite1_detection_metadata_1,0.29578
437,218,86.005393,69.14,68.1,63.9,0.246241,0.0,0.288215,efficientdet_lite0_detection_metadata_1,0.29578
438,219,86.059114,68.166,68.1,23.8,0.246241,0.0,0.299962,efficientdet_lite0_detection_metadata_1,0.29578
439,219,86.191807,68.166,67.6,58.9,0.132693,0.0,0.299962,efficientdet_lite1_detection_metadata_1,0.29578
440,220,86.24608599999999,67.679,69.1,27.3,0.132693,0.0,0.186972,efficientdet_lite1_detection_metadata_1,0.29578
441,220,86.47573999999999,69.14,68.1,65.8,0.229654,0.0,0.186972,efficientdet_lite0_detection_metadata_1,0.29578
442,221,86.535248,68.166,68.6,28.6,0.229654,0.0,0.289162,efficientdet_lite0_detection_metadata_1,0.28606
443,221,86.67188999999999,69.14,68.1,57.9,0.136642,0.0,0.289162,efficientdet_lite0_detection_metadata_1,0.28606
444,222,86.72575499999999,68.166,66.7,23.8,0.136642,0.0,0.190507,efficientdet_lite0_detection_metadata_1,0.27634
445,222,86.86588699999999,69.14,67.2,57.3,0.140132,0.0,0.190507,efficientdet_lite0_detection_metadata_1,0.27634
446,223,86.92011299999999,67.192,67.6,30.4,0.140132,0.0,0.194358,efficientdet_lite0_detection_metadata_1,0.26661999999999997
447,223,87.05052399999998,69.14,68.6,58.3,0.130411,0.0,0.194358,efficientdet_lite0_detection_metadata_1,0.26661999999999997
448,224,87.10426999999999,68.166,67.6,30.4,0.130411,0.0,0.184157,efficientdet_lite0_detection_metadata_1,0.26661999999999997
449,224,87.24928599999998,68.166,67.6,56.4,0.145016,0.0,0.184157,efficientdet_lite1_detection_metadata_1,0.26661999999999997
450,225,87.30320999999998,67.679,68.6,34.8,0.145016,0.0,0.19894,efficientdet_lite1_detection_metadata_1,0.26661999999999997
451,225,87.52636199999998,68.653,68.1,67.6,0.223152,0.0,0.19894,efficientdet_lite1_detection_metadata_1,0.26661999999999997
452,226,87.58027199999998,68.166,68.1,23.8,0.223152,0.0,0.277062,efficientdet_lite1_detection_metadata_1,0.27634
453,226,87.80452299999997,69.14,69.6,66.4,0.224251,0.0,0.277062,efficientdet_lite0_detection_metadata_1,0.27634
454,227,87.85842199999998,69.627,68.6,31.8,0.224251,0.0,0.27815,efficientdet_lite0_detection_metadata_1,0.27634
455,227,88.00294399999997,69.627,68.1,54.5,0.144522,0.0,0.27815,efficientdet_lite0_detection_metadata_1,0.27634
456,228,88.05688799999997,68.166,68.6,23.8,0.144522,0.0,0.198466,efficientdet_lite0_detection_metadata_1,0.27634
457,228,88.19835199999997,68.653,68.1,60.3,0.141464,0.0,0.198466,efficientdet_lite1_detection_metadata_1,0.27634
458,229,88.25210199999997,68.166,67.6,20.0,0.141464,0.0,0.195214,efficientdet_lite1_detection_metadata_1,0.28606
459,229,88.48008799999997,68.166,67.6,66.1,0.227986,0.0,0.195214,efficientdet_lite1_detection_metadata_1,0.28606
460,230,88.53390899999997,67.679,68.1,28.6,0.227986,0.0,0.281807,efficientdet_lite1_detection_metadata_1,0.28606
461,230,88.76486499999997,68.653,68.6,65.5,0.230956,0.0,0.281807,efficientdet_lite1_detection_metadata_1,0.28606
462,231,88.81884599999997,68.653,69.1,23.8,0.230956,0.0,0.284937,efficientdet_lite1_detection_metadata_1,0.28606
463,231,89.06200699999997,69.14,68.6,66.1,0.243161,0.0,0.284937,efficientdet_lite0_detection_metadata_1,0.28606
464,232,89.11640099999997,68.653,67.2,25.0,0.243161,0.0,0.297555,efficientdet_lite0_detection_metadata_1,0.28606
465,232,89.25296199999997,68.653,69.1,57.9,0.136561,0.0,0.297555,efficientdet_lite1_detection_metadata_1,0.28606
466,233,89.30671299999997,69.14,68.1,25.0,0.136561,0.0,0.190312,efficientdet_lite1_detection_metadata_1,0.29578
467,233,89.54212699999998,69.14,67.6,64.7,0.235414,0.0,0.190312,efficientdet_lite0_detection_metadata_1,0.29578
468,234,89.59589999999997,67.679,68.6,25.0,0.235414,0.0,0.289187,efficientdet_lite0_detection_metadata_1,0.28606
469,234,89.72644499999997,68.166,69.1,58.1,0.130545,0.0,0.289187,efficientdet_lite1_detection_metadata_1,0.28606
470,235,89.78019399999997,68.166,68.1,33.3,0.130545,0.0,0.184294,efficientdet_lite1_detection_metadata_1,0.28606
471,235,90.01126299999997,69.627,69.1,65.8,0.231069,0.0,0.184294,efficientdet_lite0_detection_metadata_1,0.28606
472,236,90.06494499999997,69.14,67.6,27.3,0.231069,0.0,0.284751,efficientdet_lite0_detection_metadata_1,0.27634
473,236,90.20705399999997,68.653,68.1,57.7,0.142109,0.0,0.284751,efficientdet_lite1_detection_metadata_1,0.27634
474,237,90.26079599999997,68.166,68.1,27.3,0.142109,0.0,0.195851,efficientdet_lite1_detection_metadata_1,0.28606
475,237,90.49787699999997,68.653,68.1,65.2,0.237081,0.0,0.195851,efficientdet_lite1_detection_metadata_1,0.28606
476,238,90.55158399999998,68.166,68.1,27.3,0.237081,0.0,0.290788,efficientdet_lite1_detection_metadata_1,0.28606
477,238,90.78808199999997,69.627,67.6,66.7,0.236498,0.0,0.290788,efficientdet_lite0_detection_metadata_1,0.28606
478,239,90.84220299999998,68.653,68.1,23.8,0.236498,0.0,0.290619,efficientdet_lite0_detection_metadata_1,0.28606
479,239,90.99082999999999,68.166,68.6,56.3,0.148627,0.0,0.290619,efficientdet_lite1_detection_metadata_1,0.28606
480,240,91.04445399999999,68.653,68.1,27.3,0.148627,0.0,0.202251,efficientdet_lite1_detection_metadata_1,0.28606
481,240,91.27919299999999,68.653,68.6,66.1,0.234739,0.0,0.202251,efficientdet_lite1_detection_metadata_1,0.28606
482,241,91.33326399999999,68.166,69.1,27.3,0.234739,0.0,0.28881,efficientdet_lite1_detection_metadata_1,0.29578
483,241,91.57741699999998,69.14,69.6,66.4,0.244153,0.0,0.28881,efficientdet_lite0_detection_metadata_1,0.29578
484,242,91.63143399999998,68.653,69.1,30.4,0.244153,0.0,0.29817,efficientdet_lite0_detection_metadata_1,0.28606
485,242,91.77040899999999,69.627,68.6,56.8,0.138975,0.0,0.29817,efficientdet_lite0_detection_metadata_1,0.28606
486,243,91.82406499999999,68.653,68.6,23.8,0.138975,0.0,0.192631,efficientdet_lite0_detection_metadata_1,0.27634
487,243,91.966416,67.679,68.1,56.6,0.142351,0.0,0.192631,efficientdet_lite1_detection_metadata_1,0.27634
488,244,92.02016799999998,68.166,68.6,27.3,0.142351,0.0,0.196103,efficientdet_lite1_detection_metadata_1,0.28606
489,244,92.25255299999998,69.14,68.1,67.0,0.232385,0.0,0.196103,efficientdet_lite0_detection_metadata_1,0.28606
490,245,92.31210299999998,69.14,68.6,30.4,0.232385,0.0,0.291935,efficientdet_lite0_detection_metadata_1,0.27634
491,245,92.44555499999998,69.627,68.6,57.5,0.133452,0.0,0.291935,efficientdet_lite0_detection_metadata_1,0.27634
492,246,92.49977899999998,68.653,67.2,27.3,0.133452,0.0,0.187676,efficientdet_lite0_detection_metadata_1,0.26661999999999997
493,246,92.63471299999998,68.653,68.1,58.7,0.134934,0.0,0.187676,efficientdet_lite1_detection_metadata_1,0.26661999999999997
494,247,92.68866099999998,68.166,68.6,27.3,0.134934,0.0,0.188882,efficientdet_lite1_detection_metadata_1,0.27634
495,247,92.92327899999998,69.627,68.6,65.5,0.234618,0.0,0.188882,efficientdet_lite0_detection_metadata_1,0.27634
496,248,92.97741599999998,68.653,67.6,25.0,0.234618,0.0,0.288755,efficientdet_lite0_detection_metadata_1,0.27634
497,248,93.12417299999997,68.166,68.1,59.5,0.146757,0.0,0.288755,efficientdet_lite1_detection_metadata_1,0.27634
498,249,93.17831399999997,68.166,68.1,23.8,0.146757,0.0,0.200898,efficientdet_lite1_detection_metadata_1,0.27634
499,249,93.40733999999998,68.166,68.1,67.3,0.229026,0.0,0.200898,efficientdet_lite1_detection_metadata_1,0.27634
500,250,93.46144799999998,67.679,67.6,23.8,0.229026,0.0,0.283134,efficientdet_lite1_detection_metadata_1,0.28606
501,250,93.69245899999997,68.653,69.6,66.4,0.231011,0.0,0.283134,efficientdet_lite1_detection_metadata_1,0.28606
502,251,93.74612499999998,69.627,68.1,25.0,0.231011,0.0,0.284677,efficientdet_lite1_detection_metadata_1,0.29578
503,251,93.98914099999998,69.14,68.1,66.1,0.243016,0.0,0.284677,efficientdet_lite0_detection_metadata_1,0.29578
504,252,94.04284699999998,68.166,69.1,23.8,0.243016,0.0,0.296722,efficientdet_lite0_detection_metadata_1,0.28606
505,252,94.17876899999997,68.653,68.6,57.3,0.135922,0.0,0.296722,efficientdet_lite1_detection_metadata_1,0.28606
506,253,94.23287499999998,68.653,68.6,27.3,0.135922,0.0,0.190028,efficientdet_lite1_detection_metadata_1,0.29578
507,253,94.75108099999999,67.679,68.1,66.4,0.518206,0.0,0.190028,efficientdet_lite1_detection_metadata_1,0.29578
508,254,94.81308099999998,68.653,67.6,28.6,0.518206,0.0,0.580206,efficientdet_lite1_detection_metadata_1,0.29578
509,254,95.04373899999999,69.14,68.1,65.5,0.230658,0.0,0.580206,efficientdet_lite0_detection_metadata_1,0.29578
510,255,95.09771099999999,68.166,69.1,28.6,0.230658,0.0,0.28463,efficientdet_lite0_detection_metadata_1,0.28606
511,255,95.23892699999999,68.166,69.1,55.3,0.141216,0.0,0.28463,efficientdet_lite1_detection_metadata_1,0.28606
512,256,95.29302899999999,69.14,68.6,27.3,0.141216,0.0,0.195318,efficientdet_lite1_detection_metadata_1,0.28606
513,256,95.51300099999999,68.653,69.6,67.6,0.219972,0.0,0.195318,efficientdet_lite1_detection_metadata_1,0.28606
514,257,95.56705099999999,69.627,68.6,20.0,0.219972,0.0,0.274022,efficientdet_lite1_detection_metadata_1,0.29578
515,257,95.80395999999999,69.627,68.6,66.4,0.236909,0.0,0.274022,efficientdet_lite0_detection_metadata_1,0.29578
516,258,95.858077,68.653,68.1,23.8,0.236909,0.0,0.291026,efficientdet_lite0_detection_metadata_1,0.28606
517,258,95.99648099999999,68.166,68.1,57.3,0.138404,0.0,0.291026,efficientdet_lite1_detection_metadata_1,0.28606
518,259,96.05023299999999,68.653,68.1,23.8,0.138404,0.0,0.192156,efficientdet_lite1_detection_metadata_1,0.28606
519,259,96.28454199999999,69.627,68.1,65.8,0.234309,0.0,0.192156,efficientdet_lite0_detection_metadata_1,0.28606
520,260,96.338461,68.166,67.6,25.0,0.234309,0.0,0.288228,efficientdet_lite0_detection_metadata_1,0.28606
521,260,96.48559399999999,69.14,68.1,57.7,0.147133,0.0,0.288228,efficientdet_lite0_detection_metadata_1,0.28606
522,261,96.539735,68.166,68.1,27.3,0.147133,0.0,0.201274,efficientdet_lite0_detection_metadata_1,0.27634
523,261,96.681619,69.14,69.1,56.6,0.141884,0.0,0.201274,efficientdet_lite0_detection_metadata_1,0.27634
524,262,96.735597,69.14,68.1,27.3,0.141884,0.0,0.195862,efficientdet_lite0_detection_metadata_1,0.26661999999999997
525,262,96.875445,68.653,67.6,56.6,0.139848,0.0,0.195862,efficientdet_lite1_detection_metadata_1,0.26661999999999997
526,263,96.929462,67.679,68.6,27.3,0.139848,0.0,0.193865,efficientdet_lite1_detection_metadata_1,0.27634
527,263,97.158972,69.14,69.1,66.1,0.22951,0.0,0.193865,efficientdet_lite0_detection_metadata_1,0.27634
528,264,97.212912,69.14,68.1,28.6,0.22951,0.0,0.28345,efficientdet_lite0_detection_metadata_1,0.26661999999999997
529,264,97.3763,69.627,69.1,59.3,0.163388,0.0,0.28345,efficientdet_lite0_detection_metadata_1,0.26661999999999997
530,265,97.430417,69.14,68.6,23.8,0.163388,0.0,0.217505,efficientdet_lite0_detection_metadata_1,0.26661999999999997
531,265,97.58168400000001,69.14,67.6,54.4,0.151267,0.0,0.217505,efficientdet_lite0_detection_metadata_1,0.26661999999999997
532,266,97.635632,67.679,67.6,23.8,0.151267,0.0,0.205215,efficientdet_lite0_detection_metadata_1,0.26661999999999997
533,266,97.779635,69.14,68.6,56.4,0.144003,0.0,0.205215,efficientdet_lite0_detection_metadata_1,0.26661999999999997
534,267,97.833479,68.653,68.1,23.8,0.144003,0.0,0.197847,efficientdet_lite0_detection_metadata_1,0.26661999999999997
535,267,97.988646,69.14,68.1,54.9,0.155167,0.0,0.197847,efficientdet_lite0_detection_metadata_1,0.26661999999999997
536,268,98.04259499999999,68.166,68.6,42.9,0.155167,0.0,0.209116,efficientdet_lite0_detection_metadata_1,0.2569
537,268,98.178794,69.627,69.6,58.7,0.136199,0.0,0.209116,efficientdet_lite0_detection_metadata_1,0.2569
538,269,98.23257999999998,69.627,68.6,25.0,0.136199,0.0,0.189985,efficientdet_lite0_detection_metadata_1,0.2569
539,269,98.36623899999998,68.653,67.2,58.1,0.133659,0.0,0.189985,efficientdet_lite1_detection_metadata_1,0.2569
540,270,98.42019899999998,67.192,68.1,23.8,0.133659,0.0,0.187619,efficientdet_lite1_detection_metadata_1,0.26661999999999997
541,270,98.64797699999998,68.166,68.1,66.7,0.227778,0.0,0.187619,efficientdet_lite1_detection_metadata_1,0.26661999999999997
542,271,98.70188099999999,68.166,68.6,27.3,0.227778,0.0,0.281682,efficientdet_lite1_detection_metadata_1,0.27634
543,271,98.96389099999999,69.14,69.1,65.9,0.26201,0.0,0.281682,efficientdet_lite0_detection_metadata_1,0.27634
544,272,99.01760699999998,69.14,68.6,27.3,0.26201,0.0,0.315726,efficientdet_lite0_detection_metadata_1,0.27634
545,272,99.15863499999999,69.627,67.6,56.0,0.141028,0.0,0.315726,efficientdet_lite0_detection_metadata_1,0.27634
546,273,99.21239599999998,67.679,69.1,28.6,0.141028,0.0,0.194789,efficientdet_lite0_detection_metadata_1,0.27634
547,273,99.35440299999999,69.14,68.1,56.6,0.142007,0.0,0.194789,efficientdet_lite0_detection_metadata_1,0.27634
548,274,99.40812699999998,68.166,68.1,30.4,0.142007,0.0,0.195731,efficientdet_lite0_detection_metadata_1,0.27634
549,274,99.54697199999998,68.653,68.1,56.6,0.138845,0.0,0.195731,efficientdet_lite1_detection_metadata_1,0.27634
550,275,99.60100599999998,68.166,68.1,25.0,0.138845,0.0,0.192879,efficientdet_lite1_detection_metadata_1,0.27634
551,275,99.84248299999999,69.627,68.1,66.7,0.241477,0.0,0.192879,efficientdet_lite0_detection_metadata_1,0.27634
552,276,99.89629599999998,68.166,68.1,30.4,0.241477,0.0,0.29529,efficientdet_lite0_detection_metadata_1,0.26661999999999997
553,276,100.03283899999998,69.627,68.1,56.8,0.136543,0.0,0.29529,efficientdet_lite0_detection_metadata_1,0.26661999999999997
554,277,100.08685599999998,68.166,69.1,30.4,0.136543,0.0,0.19056,efficientdet_lite0_detection_metadata_1,0.26661999999999997
555,277,100.22486899999998,68.653,69.1,57.3,0.138013,0.0,0.19056,efficientdet_lite1_detection_metadata_1,0.26661999999999997
556,278,100.27876799999999,69.14,67.2,23.8,0.138013,0.0,0.191912,efficientdet_lite1_detection_metadata_1,0.27634
557,278,100.50597299999998,68.653,69.1,67.6,0.227205,0.0,0.191912,efficientdet_lite1_detection_metadata_1,0.27634
558,279,100.55978399999998,69.14,68.6,30.4,0.227205,0.0,0.281016,efficientdet_lite1_detection_metadata_1,0.28606
559,279,100.78556799999998,69.627,68.1,67.0,0.225784,0.0,0.281016,efficientdet_lite0_detection_metadata_1,0.28606
560,280,100.83942699999997,68.653,68.6,27.3,0.225784,0.0,0.279643,efficientdet_lite0_detection_metadata_1,0.27634
561,280,100.98817499999997,68.653,68.1,55.0,0.148748,0.0,0.279643,efficientdet_lite1_detection_metadata_1,0.27634
562,281,101.04218499999998,68.166,68.6,28.6,0.148748,0.0,0.202758,efficientdet_lite1_detection_metadata_1,0.28606
563,281,101.26623099999998,69.14,69.1,66.4,0.224046,0.0,0.202758,efficientdet_lite0_detection_metadata_1,0.28606
564,282,101.32025499999997,69.14,68.1,36.0,0.224046,0.0,0.27807,efficientdet_lite0_detection_metadata_1,0.28606
565,282,101.45957399999998,68.166,68.6,56.6,0.139319,0.0,0.27807,efficientdet_lite1_detection_metadata_1,0.28606
566,283,101.51316899999998,69.627,69.6,25.0,0.139319,0.0,0.192914,efficientdet_lite1_detection_metadata_1,0.28606
567,283,101.74762499999997,69.627,67.6,65.8,0.234456,0.0,0.192914,efficientdet_lite0_detection_metadata_1,0.28606
568,284,101.80153699999998,67.679,68.1,27.3,0.234456,0.0,0.288368,efficientdet_lite0_detection_metadata_1,0.27634
569,284,101.94062299999999,68.653,68.6,57.9,0.139086,0.0,0.288368,efficientdet_lite1_detection_metadata_1,0.27634
570,285,101.99454699999998,68.653,68.6,23.8,0.139086,0.0,0.19301,efficientdet_lite1_detection_metadata_1,0.28606
571,285,102.23830799999999,69.627,68.6,66.1,0.243761,0.0,0.19301,efficientdet_lite0_detection_metadata_1,0.28606
572,286,102.29222199999998,68.653,68.6,27.3,0.243761,0.0,0.297675,efficientdet_lite0_detection_metadata_1,0.27634
573,286,102.43226099999998,68.653,68.1,56.6,0.140039,0.0,0.297675,efficientdet_lite1_detection_metadata_1,0.27634
574,287,102.48620799999998,68.166,68.1,23.8,0.140039,0.0,0.193986,efficientdet_lite1_detection_metadata_1,0.28606
575,287,102.71803199999998,69.14,68.6,65.8,0.231824,0.0,0.193986,efficientdet_lite0_detection_metadata_1,0.28606
576,288,102.77182799999997,69.627,69.1,28.6,0.231824,0.0,0.28562,efficientdet_lite0_detection_metadata_1,0.27634
577,288,102.91305499999997,68.653,68.6,57.5,0.141227,0.0,0.28562,efficientdet_lite1_detection_metadata_1,0.27634
578,289,102.97261099999997,68.653,67.6,23.8,0.141227,0.0,0.200783,efficientdet_lite1_detection_metadata_1,0.28606
579,289,103.20192599999997,68.653,69.1,66.1,0.229315,0.0,0.200783,efficientdet_lite1_detection_metadata_1,0.28606
580,290,103.25578399999998,69.14,68.6,31.8,0.229315,0.0,0.283173,efficientdet_lite1_detection_metadata_1,0.28606
581,290,103.48890899999998,68.653,69.6,64.6,0.233125,0.0,0.283173,efficientdet_lite1_detection_metadata_1,0.28606
582,291,103.54317499999998,69.627,69.1,31.8,0.233125,0.0,0.287391,efficientdet_lite1_detection_metadata_1,0.29578
583,291,103.77419599999998,69.14,69.1,65.8,0.231021,0.0,0.287391,efficientdet_lite0_detection_metadata_1,0.29578
584,292,103.83401699999997,69.14,69.6,27.3,0.231021,0.0,0.290842,efficientdet_lite0_detection_metadata_1,0.28606
585,292,103.97774599999997,70.114,68.6,54.5,0.143729,0.0,0.290842,efficientdet_lite0_detection_metadata_1,0.28606
586,293,104.03188799999998,68.653,68.6,28.6,0.143729,0.0,0.197871,efficientdet_lite0_detection_metadata_1,0.28606
587,293,104.16616699999999,69.14,68.1,58.1,0.134279,0.0,0.197871,efficientdet_lite0_detection_metadata_1,0.28606
588,294,104.21988799999998,69.14,69.1,30.4,0.134279,0.0,0.188,efficientdet_lite0_detection_metadata_1,0.27634
589,294,104.35890899999998,68.653,68.6,56.6,0.139021,0.0,0.188,efficientdet_lite1_detection_metadata_1,0.27634
590,295,104.41282599999998,68.653,68.1,23.8,0.139021,0.0,0.192938,efficientdet_lite1_detection_metadata_1,0.27634
591,295,104.65381399999998,69.627,68.6,66.1,0.240988,0.0,0.192938,efficientdet_lite0_detection_metadata_1,0.27634
592,296,104.70796099999998,68.653,68.1,31.8,0.240988,0.0,0.295135,efficientdet_lite0_detection_metadata_1,0.26661999999999997
593,296,104.85023199999998,69.14,67.6,55.3,0.142271,0.0,0.295135,efficientdet_lite0_detection_metadata_1,0.26661999999999997
594,297,104.90427599999998,67.679,68.6,30.4,0.142271,0.0,0.196315,efficientdet_lite0_detection_metadata_1,0.26661999999999997
595,297,105.03731799999998,69.627,68.6,58.7,0.133042,0.0,0.196315,efficientdet_lite0_detection_metadata_1,0.26661999999999997
596,298,105.09115499999999,68.653,68.6,25.0,0.133042,0.0,0.186879,efficientdet_lite0_detection_metadata_1,0.26661999999999997
597,298,105.22307299999999,69.14,68.6,58.1,0.131918,0.0,0.186879,efficientdet_lite0_detection_metadata_1,0.26661999999999997
598,299,105.27704599999998,68.653,69.6,27.3,0.131918,0.0,0.185891,efficientdet_lite0_detection_metadata_1,0.26661999999999997
599,299,105.41895099999998,70.114,68.6,57.3,0.141905,0.0,0.185891,efficientdet_lite0_detection_metadata_1,0.26661999999999997
600,300,105.47273299999999,68.653,68.6,27.3,0.141905,0.0,0.195687,efficientdet_lite0_detection_metadata_1,0.2569
601,300,105.60734099999999,69.14,69.1,58.7,0.134608,0.0,0.195687,efficientdet_lite0_detection_metadata_1,0.2569
602,301,105.661249,69.14,68.1,25.0,0.134608,0.0,0.188516,efficientdet_lite0_detection_metadata_1,0.2569
603,301,105.79769,69.627,69.1,57.3,0.136441,0.0,0.188516,efficientdet_lite0_detection_metadata_1,0.2569
604,302,105.85178499999999,69.14,68.1,30.4,0.136441,0.0,0.190536,efficientdet_lite0_detection_metadata_1,0.2569
605,302,105.99359899999999,68.166,68.1,57.1,0.141814,0.0,0.190536,efficientdet_lite1_detection_metadata_1,0.2569
606,303,106.047552,68.166,68.1,27.3,0.141814,0.0,0.195767,efficientdet_lite1_detection_metadata_1,0.26661999999999997
607,303,106.291726,69.627,68.1,66.7,0.244174,0.0,0.195767,efficientdet_lite0_detection_metadata_1,0.26661999999999997
608,304,106.345338,68.166,68.6,27.3,0.244174,0.0,0.297786,efficientdet_lite0_detection_metadata_1,0.26661999999999997
609,304,106.483314,70.114,69.1,57.3,0.137976,0.0,0.297786,efficientdet_lite0_detection_metadata_1,0.26661999999999997
610,305,106.536941,69.14,69.1,28.6,0.137976,0.0,0.191603,efficientdet_lite0_detection_metadata_1,0.26661999999999997
611,305,106.666574,69.14,69.1,58.9,0.129633,0.0,0.191603,efficientdet_lite0_detection_metadata_1,0.26661999999999997
612,306,106.720511,68.653,69.6,27.3,0.129633,0.0,0.18357,efficientdet_lite0_detection_metadata_1,0.26661999999999997
613,306,106.85537000000001,68.653,69.6,58.1,0.134859,0.0,0.18357,efficientdet_lite1_detection_metadata_1,0.26661999999999997
614,307,106.909267,68.653,68.6,27.3,0.134859,0.0,0.188756,efficientdet_lite1_detection_metadata_1,0.27634
615,307,107.156587,69.14,69.6,66.4,0.24732,0.0,0.188756,efficientdet_lite0_detection_metadata_1,0.27634
616,308,107.209924,67.679,69.1,28.6,0.24732,0.0,0.300657,efficientdet_lite0_detection_metadata_1,0.26661999999999997
617,308,107.353032,69.14,69.1,55.1,0.143108,0.0,0.300657,efficientdet_lite0_detection_metadata_1,0.26661999999999997
618,309,107.406462,69.14,69.1,25.0,0.143108,0.0,0.196538,efficientdet_lite0_detection_metadata_1,0.26661999999999997
619,309,107.546199,68.653,68.6,56.6,0.139737,0.0,0.196538,efficientdet_lite1_detection_metadata_1,0.26661999999999997
620,310,107.599948,68.653,68.1,27.3,0.139737,0.0,0.193486,efficientdet_lite1_detection_metadata_1,0.27634
621,310,107.832375,69.14,69.6,66.7,0.232427,0.0,0.193486,efficientdet_lite0_detection_metadata_1,0.27634
622,311,107.886416,69.627,69.1,27.3,0.232427,0.0,0.286468,efficientdet_lite0_detection_metadata_1,0.27634
623,311,108.032371,69.627,68.6,55.8,0.145955,0.0,0.286468,efficientdet_lite0_detection_metadata_1,0.27634
624,312,108.085781,68.653,68.1,30.4,0.145955,0.0,0.199365,efficientdet_lite0_detection_metadata_1,0.26661999999999997
625,312,108.231815,69.14,68.6,55.8,0.146034,0.0,0.199365,efficientdet_lite0_detection_metadata_1,0.26661999999999997
626,313,108.285597,68.653,69.6,27.3,0.146034,0.0,0.199816,efficientdet_lite0_detection_metadata_1,0.26661999999999997
627,313,108.421768,69.627,68.6,57.9,0.136171,0.0,0.199816,efficientdet_lite0_detection_metadata_1,0.26661999999999997
628,314,108.475681,68.653,68.6,23.8,0.136171,0.0,0.190084,efficientdet_lite0_detection_metadata_1,0.26661999999999997
629,314,108.62386699999999,69.627,68.6,57.0,0.148186,0.0,0.190084,efficientdet_lite0_detection_metadata_1,0.26661999999999997
630,315,108.67783999999999,68.653,69.1,30.4,0.148186,0.0,0.202159,efficientdet_lite0_detection_metadata_1,0.2569
631,315,108.81860499999999,69.14,69.6,57.1,0.140765,0.0,0.202159,efficientdet_lite0_detection_metadata_1,0.2569
632,316,108.87244399999999,69.627,68.6,27.3,0.140765,0.0,0.194604,efficientdet_lite0_detection_metadata_1,0.2569
633,316,109.00937699999999,69.627,68.1,57.3,0.136933,0.0,0.194604,efficientdet_lite0_detection_metadata_1,0.2569
634,317,109.06338199999999,68.166,68.1,23.8,0.136933,0.0,0.190938,efficientdet_lite0_detection_metadata_1,0.2569
635,317,109.20310799999999,69.14,69.6,57.1,0.139726,0.0,0.190938,efficientdet_lite0_detection_metadata_1,0.2569
636,318,109.25678199999999,69.627,68.1,25.0,0.139726,0.0,0.1934,efficientdet_lite0_detection_metadata_1,0.2569
637,318,109.40018599999999,69.14,69.6,57.5,0.143404,0.0,0.1934,efficientdet_lite0_detection_metadata_1,0.2569
638,319,109.45641999999998,69.627,68.6,25.0,0.143404,0.0,0.199638,efficientdet_lite0_detection_metadata_1,0.2569
639,319,109.59648499999999,69.14,68.6,56.4,0.140065,0.0,0.199638,efficientdet_lite0_detection_metadata_1,0.2569
640,320,109.65029199999998,68.653,69.1,25.0,0.140065,0.0,0.193872,efficientdet_lite0_detection_metadata_1,0.2569
641,320,109.78791099999998,69.627,68.1,57.1,0.137619,0.0,0.193872,efficientdet_lite0_detection_metadata_1,0.2569
642,321,109.84184999999998,68.166,68.1,25.0,0.137619,0.0,0.191558,efficientdet_lite0_detection_metadata_1,0.2569
643,321,109.97320299999998,69.14,69.1,58.9,0.131353,0.0,0.191558,efficientdet_lite0_detection_metadata_1,0.2569
644,322,110.02701499999998,69.14,68.1,23.8,0.131353,0.0,0.185165,efficientdet_lite0_detection_metadata_1,0.2569
645,322,110.15927799999997,69.14,68.6,60.3,0.132263,0.0,0.185165,efficientdet_lite0_detection_metadata_1,0.2569
646,323,110.21944099999997,68.653,68.1,23.8,0.132263,0.0,0.192426,efficientdet_lite0_detection_metadata_1,0.2569
647,323,110.35907299999998,68.166,68.1,56.6,0.139632,0.0,0.192426,efficientdet_lite1_detection_metadata_1,0.2569
648,324,110.41342299999998,68.166,68.1,27.3,0.139632,0.0,0.193982,efficientdet_lite1_detection_metadata_1,0.26661999999999997
649,324,110.65134599999998,69.627,69.1,64.3,0.237923,0.0,0.193982,efficientdet_lite0_detection_metadata_1,0.26661999999999997
650,325,110.70528099999999,69.14,69.1,28.6,0.237923,0.0,0.291858,efficientdet_lite0_detection_metadata_1,0.26661999999999997
651,325,110.83890799999999,68.653,68.1,57.5,0.133627,0.0,0.291858,efficientdet_lite1_detection_metadata_1,0.26661999999999997
652,326,110.89268099999998,68.166,69.1,23.8,0.133627,0.0,0.1874,efficientdet_lite1_detection_metadata_1,0.27634
653,326,111.12654999999998,69.627,69.1,68.1,0.233869,0.0,0.1874,efficientdet_lite0_detection_metadata_1,0.27634
654,327,111.18022199999999,69.14,68.6,23.8,0.233869,0.0,0.287541,efficientdet_lite0_detection_metadata_1,0.27634
655,327,111.31974899999999,68.653,68.6,57.1,0.139527,0.0,0.287541,efficientdet_lite1_detection_metadata_1,0.27634
656,328,111.37317199999998,68.653,69.1,25.0,0.139527,0.0,0.19295,efficientdet_lite1_detection_metadata_1,0.28606
657,328,111.60598799999998,69.14,69.1,64.6,0.232816,0.0,0.19295,efficientdet_lite0_detection_metadata_1,0.28606
658,329,111.65984299999998,68.166,68.6,27.3,0.232816,0.0,0.286671,efficientdet_lite0_detection_metadata_1,0.27634
659,329,111.79747699999999,69.14,69.1,57.7,0.137634,0.0,0.286671,efficientdet_lite0_detection_metadata_1,0.27634
660,330,111.85791199999998,69.14,68.1,28.6,0.137634,0.0,0.198069,efficientdet_lite0_detection_metadata_1,0.27634
661,330,111.99832999999998,69.14,69.1,56.4,0.140418,0.0,0.198069,efficientdet_lite0_detection_metadata_1,0.27634
662,331,112.05251199999998,69.14,68.6,25.0,0.140418,0.0,0.1946,efficientdet_lite0_detection_metadata_1,0.26661999999999997
663,331,112.19310899999998,68.653,68.1,56.4,0.140597,0.0,0.1946,efficientdet_lite1_detection_metadata_1,0.26661999999999997
664,332,112.24715199999999,68.166,69.1,23.8,0.140597,0.0,0.19464,efficientdet_lite1_detection_metadata_1,0.27634
665,332,112.48006299999999,69.627,69.6,65.8,0.232911,0.0,0.19464,efficientdet_lite0_detection_metadata_1,0.27634
666,333,112.53436799999999,69.627,68.1,27.3,0.232911,0.0,0.287216,efficientdet_lite0_detection_metadata_1,0.26661999999999997
667,333,112.681677,69.627,69.1,59.3,0.147309,0.0,0.287216,efficientdet_lite0_detection_metadata_1,0.26661999999999997
668,334,112.73568799999998,69.14,69.1,21.1,0.147309,0.0,0.20132,efficientdet_lite0_detection_metadata_1,0.26661999999999997
669,334,112.86858799999999,68.653,69.1,58.7,0.1329,0.0,0.20132,efficientdet_lite1_detection_metadata_1,0.26661999999999997
670,335,112.92257299999999,69.14,68.1,27.3,0.1329,0.0,0.186885,efficientdet_lite1_detection_metadata_1,0.27634
671,335,113.14368799999998,69.627,70.6,67.3,0.221115,0.0,0.186885,efficientdet_lite0_detection_metadata_1,0.27634
672,336,113.19770999999999,70.601,68.1,27.3,0.221115,0.0,0.275137,efficientdet_lite0_detection_metadata_1,0.27634
673,336,113.32963399999998,68.653,69.6,58.1,0.131924,0.0,0.275137,efficientdet_lite1_detection_metadata_1,0.27634
674,337,113.383547,69.627,68.1,25.0,0.131924,0.0,0.185837,efficientdet_lite1_detection_metadata_1,0.27634
675,337,113.620853,69.627,69.1,66.7,0.237306,0.0,0.185837,efficientdet_lite0_detection_metadata_1,0.27634
676,338,113.67527199999999,68.653,68.1,23.8,0.237306,0.0,0.291725,efficientdet_lite0_detection_metadata_1,0.27634
677,338,113.81228999999999,69.627,69.6,58.1,0.137018,0.0,0.291725,efficientdet_lite0_detection_metadata_1,0.27634
678,339,113.86606099999999,69.14,68.6,27.3,0.137018,0.0,0.190789,efficientdet_lite0_detection_metadata_1,0.27634
679,339,113.99627999999998,69.14,69.1,59.2,0.130219,0.0,0.190789,efficientdet_lite0_detection_metadata_1,0.27634
680,340,114.04988599999999,69.14,68.6,27.3,0.130219,0.0,0.183825,efficientdet_lite0_detection_metadata_1,0.26661999999999997
681,340,114.187013,69.14,68.1,56.8,0.137127,0.0,0.183825,efficientdet_lite0_detection_metadata_1,0.26661999999999997
682,341,114.24111699999999,68.166,69.1,33.3,0.137127,0.0,0.191231,efficientdet_lite0_detection_metadata_1,0.26661999999999997
683,341,114.381363,69.14,69.6,56.6,0.140246,0.0,0.191231,efficientdet_lite0_detection_metadata_1,0.26661999999999997
684,342,114.43508899999999,69.627,68.6,23.8,0.140246,0.0,0.193972,efficientdet_lite0_detection_metadata_1,0.2569
685,342,114.576512,69.14,68.6,56.4,0.141423,0.0,0.193972,efficientdet_lite0_detection_metadata_1,0.2569
686,343,114.630237,68.653,68.6,25.0,0.141423,0.0,0.195148,efficientdet_lite0_detection_metadata_1,0.2569
687,343,114.765791,68.166,68.1,56.8,0.135554,0.0,0.195148,efficientdet_lite1_detection_metadata_1,0.2569
688,344,114.819892,68.166,69.1,27.3,0.135554,0.0,0.189655,efficientdet_lite1_detection_metadata_1,0.26661999999999997
689,344,115.051051,69.14,69.6,66.1,0.231159,0.0,0.189655,efficientdet_lite0_detection_metadata_1,0.26661999999999997
690,345,115.105575,69.627,69.1,25.0,0.231159,0.0,0.285683,efficientdet_lite0_detection_metadata_1,0.26661999999999997
691,345,115.241737,69.627,68.6,57.3,0.136162,0.0,0.285683,efficientdet_lite0_detection_metadata_1,0.26661999999999997
692,346,115.295507,68.653,68.6,31.8,0.136162,0.0,0.189932,efficientdet_lite0_detection_metadata_1,0.26661999999999997
693,346,115.430611,69.14,68.1,56.8,0.135104,0.0,0.189932,efficientdet_lite0_detection_metadata_1,0.26661999999999997
694,347,115.484442,68.166,69.1,28.6,0.135104,0.0,0.188935,efficientdet_lite0_detection_metadata_1,0.26661999999999997
695,347,115.618695,69.14,68.1,57.3,0.134253,0.0,0.188935,efficientdet_lite0_detection_metadata_1,0.26661999999999997
696,348,115.67270500000001,68.166,68.6,28.6,0.134253,0.0,0.188263,efficientdet_lite0_detection_metadata_1,0.26661999999999997
697,348,115.80078900000001,70.114,68.6,59.5,0.128084,0.0,0.188263,efficientdet_lite0_detection_metadata_1,0.26661999999999997
698,349,115.862395,68.653,67.6,23.8,0.128084,0.0,0.18969,efficientdet_lite0_detection_metadata_1,0.2569
699,349,116.006731,69.627,70.1,56.4,0.144336,0.0,0.18969,efficientdet_lite0_detection_metadata_1,0.2569
700,350,116.060743,70.114,67.6,23.8,0.144336,0.0,0.198348,efficientdet_lite0_detection_metadata_1,0.2569
701,350,116.206087,69.627,68.1,56.4,0.145344,0.0,0.198348,efficientdet_lite0_detection_metadata_1,0.2569
702,351,116.259987,68.166,68.1,27.3,0.145344,0.0,0.199244,efficientdet_lite0_detection_metadata_1,0.2569
703,351,116.39895299999999,69.627,69.1,57.9,0.138966,0.0,0.199244,efficientdet_lite0_detection_metadata_1,0.2569
704,352,116.45278499999999,69.14,69.1,23.8,0.138966,0.0,0.192798,efficientdet_lite0_detection_metadata_1,0.2569
705,352,116.58880799999999,68.653,68.6,57.7,0.136023,0.0,0.192798,efficientdet_lite1_detection_metadata_1,0.2569
706,353,116.65104,69.14,68.6,31.8,0.136023,0.0,0.198255,efficientdet_lite1_detection_metadata_1,0.26661999999999997
707,353,116.876988,69.14,69.6,66.4,0.225948,0.0,0.198255,efficientdet_lite0_detection_metadata_1,0.26661999999999997
708,354,116.930906,69.627,68.6,25.0,0.225948,0.0,0.279866,efficientdet_lite0_detection_metadata_1,0.26661999999999997
709,354,117.073178,68.653,67.6,57.0,0.142272,0.0,0.279866,efficientdet_lite1_detection_metadata_1,0.26661999999999997
710,355,117.126927,67.679,68.6,25.0,0.142272,0.0,0.196021,efficientdet_lite1_detection_metadata_1,0.27634
711,355,117.35953599999999,68.653,68.1,66.1,0.232609,0.0,0.196021,efficientdet_lite1_detection_metadata_1,0.27634
712,356,117.413246,68.166,69.1,29.2,0.232609,0.0,0.286319,efficientdet_lite1_detection_metadata_1,0.28606
713,356,117.631413,69.14,69.1,68.2,0.218167,0.0,0.286319,efficientdet_lite0_detection_metadata_1,0.28606
714,357,117.685336,69.14,69.1,28.6,0.218167,0.0,0.27209,efficientdet_lite0_detection_metadata_1,0.28606
715,357,117.82671300000001,69.14,68.1,55.8,0.141377,0.0,0.27209,efficientdet_lite0_detection_metadata_1,0.28606
716,358,117.88046100000001,68.653,68.6,27.3,0.141377,0.0,0.195125,efficientdet_lite0_detection_metadata_1,0.27634
717,358,118.02294300000001,70.114,68.1,56.6,0.142482,0.0,0.195125,efficientdet_lite0_detection_metadata_1,0.27634
718,359,118.07672800000002,68.166,68.1,27.3,0.142482,0.0,0.196267,efficientdet_lite0_detection_metadata_1,0.27634
719,359,118.21770600000002,69.627,69.1,56.2,0.140978,0.0,0.196267,efficientdet_lite0_detection_metadata_1,0.27634
720,360,118.27996600000002,69.14,68.1,25.0,0.140978,0.0,0.203238,efficientdet_lite0_detection_metadata_1,0.26661999999999997
721,360,118.41067300000002,68.653,69.6,58.3,0.130707,0.0,0.203238,efficientdet_lite1_detection_metadata_1,0.26661999999999997
722,361,118.46453900000002,69.627,69.1,30.4,0.130707,0.0,0.184573,efficientdet_lite1_detection_metadata_1,0.26661999999999997
723,361,118.69801600000001,69.627,69.6,64.9,0.233477,0.0,0.184573,efficientdet_lite0_detection_metadata_1,0.26661999999999997
724,362,118.75211500000002,69.627,69.1,21.1,0.233477,0.0,0.287576,efficientdet_lite0_detection_metadata_1,0.26661999999999997
725,362,118.89309800000002,68.653,69.1,55.3,0.140983,0.0,0.287576,efficientdet_lite1_detection_metadata_1,0.26661999999999997
726,363,118.94703900000002,69.14,68.1,31.8,0.140983,0.0,0.194924,efficientdet_lite1_detection_metadata_1,0.27634
727,363,119.19216900000002,69.627,70.1,65.3,0.24513,0.0,0.194924,efficientdet_lite0_detection_metadata_1,0.27634
728,364,119.24617300000001,70.114,69.6,27.3,0.24513,0.0,0.299134,efficientdet_lite0_detection_metadata_1,0.27634
729,364,119.39213400000001,70.114,68.6,56.4,0.145961,0.0,0.299134,efficientdet_lite0_detection_metadata_1,0.27634
730,365,119.44587500000002,68.653,69.1,27.3,0.145961,0.0,0.199702,efficientdet_lite0_detection_metadata_1,0.27634
731,365,119.58315800000001,69.14,69.1,56.6,0.137283,0.0,0.199702,efficientdet_lite0_detection_metadata_1,0.27634
732,366,119.63723300000001,69.14,69.1,28.6,0.137283,0.0,0.191358,efficientdet_lite0_detection_metadata_1,0.26661999999999997
733,366,119.77701,69.14,70.1,56.6,0.139777,0.0,0.191358,efficientdet_lite0_detection_metadata_1,0.26661999999999997
734,367,119.83085700000001,70.114,68.1,30.4,0.139777,0.0,0.193624,efficientdet_lite0_detection_metadata_1,0.26661999999999997
735,367,119.97384000000001,70.114,69.6,56.4,0.142983,0.0,0.193624,efficientdet_lite0_detection_metadata_1,0.26661999999999997
736,368,120.02786800000001,69.627,69.1,28.6,0.142983,0.0,0.197011,efficientdet_lite0_detection_metadata_1,0.2569
737,368,120.16778800000002,69.627,69.1,56.0,0.13992,0.0,0.197011,efficientdet_lite0_detection_metadata_1,0.2569
738,369,120.221736,69.14,69.6,27.3,0.13992,0.0,0.193868,efficientdet_lite0_detection_metadata_1,0.2569
739,369,120.36008100000001,69.627,69.1,56.8,0.138345,0.0,0.193868,efficientdet_lite0_detection_metadata_1,0.2569
740,370,120.414146,69.14,69.1,30.4,0.138345,0.0,0.19241,efficientdet_lite0_detection_metadata_1,0.2569
741,370,120.554308,69.627,69.1,58.4,0.140162,0.0,0.19241,efficientdet_lite0_detection_metadata_1,0.2569
742,371,120.608174,69.14,69.1,27.3,0.140162,0.0,0.194028,efficientdet_lite0_detection_metadata_1,0.2569
743,371,120.747594,69.627,70.1,58.7,0.13942,0.0,0.194028,efficientdet_lite0_detection_metadata_1,0.2569
744,372,120.80192500000001,68.653,69.1,30.4,0.13942,0.0,0.193751,efficientdet_lite0_detection_metadata_1,0.2569
745,372,120.94197000000001,70.114,68.1,56.6,0.140045,0.0,0.193751,efficientdet_lite0_detection_metadata_1,0.2569
746,373,120.99570600000001,68.166,68.6,25.0,0.140045,0.0,0.193781,efficientdet_lite0_detection_metadata_1,0.2569
747,373,121.13858300000001,69.627,69.1,56.4,0.142877,0.0,0.193781,efficientdet_lite0_detection_metadata_1,0.2569
748,374,121.19239100000001,69.14,68.6,27.3,0.142877,0.0,0.196685,efficientdet_lite0_detection_metadata_1,0.2569
749,374,121.32955800000002,69.14,68.1,56.8,0.137167,0.0,0.196685,efficientdet_lite0_detection_metadata_1,0.2569
750,375,121.38360700000001,68.166,69.6,27.3,0.137167,0.0,0.191216,efficientdet_lite0_detection_metadata_1,0.2569
751,375,121.53430800000001,71.088,68.1,58.0,0.150701,0.0,0.191216,efficientdet_lite0_detection_metadata_1,0.2569
752,376,121.58796000000001,68.166,69.1,23.8,0.150701,0.0661314932580915,0.204353,efficientdet_lite0_detection_metadata_1,0.2569
753,376,121.74101200000001,69.627,68.6,55.0,0.153052,0.0661314932580915,0.204353,efficientdet_lite0_detection_metadata_1,0.2569
754,377,121.86097400000001,67.679,68.6,8.7,0.153052,0.0,0.273014,efficientdet_lite0_detection_metadata_1,0.2569
755,377,122.00552500000002,68.653,69.1,55.1,0.144551,0.0,0.273014,efficientdet_lite1_detection_metadata_1,0.2569
756,378,122.05985000000001,69.14,68.6,30.4,0.144551,0.0,0.198876,efficientdet_lite1_detection_metadata_1,0.26661999999999997
757,378,122.30762200000001,69.14,69.1,64.7,0.247772,0.0,0.198876,efficientdet_lite0_detection_metadata_1,0.26661999999999997
758,379,122.36312800000002,69.14,68.6,30.4,0.247772,0.0,0.303278,efficientdet_lite0_detection_metadata_1,0.26661999999999997
759,379,122.50154900000001,69.14,69.1,57.3,0.138421,0.0,0.303278,efficientdet_lite0_detection_metadata_1,0.26661999999999997
760,380,122.55546100000002,69.14,68.6,27.3,0.138421,0.0,0.192333,efficientdet_lite0_detection_metadata_1,0.26661999999999997
761,380,122.69899600000002,69.627,68.1,56.4,0.143535,0.0,0.192333,efficientdet_lite0_detection_metadata_1,0.26661999999999997
762,381,122.75261200000003,69.14,69.1,27.3,0.143535,0.0,0.197151,efficientdet_lite0_detection_metadata_1,0.26661999999999997
763,381,122.89342200000003,69.627,69.1,55.3,0.14081,0.0,0.197151,efficientdet_lite0_detection_metadata_1,0.26661999999999997
764,382,122.94709500000003,69.14,69.6,28.6,0.14081,0.0,0.194483,efficientdet_lite0_detection_metadata_1,0.26661999999999997
765,382,123.09301200000003,70.114,69.1,57.5,0.145917,0.0,0.194483,efficientdet_lite0_detection_metadata_1,0.26661999999999997
766,383,123.14711400000003,69.14,67.6,28.6,0.145917,0.0,0.200019,efficientdet_lite0_detection_metadata_1,0.2569
767,383,123.28924300000003,69.14,68.6,57.1,0.142129,0.0,0.200019,efficientdet_lite0_detection_metadata_1,0.2569
768,384,123.34307700000004,68.653,68.6,27.3,0.142129,0.0,0.195963,efficientdet_lite0_detection_metadata_1,0.2569
769,384,123.48301700000003,69.627,69.1,56.0,0.13994,0.0,0.195963,efficientdet_lite0_detection_metadata_1,0.2569
770,385,123.53691500000004,69.627,68.1,28.6,0.13994,0.0,0.193838,efficientdet_lite0_detection_metadata_1,0.2569
771,385,123.67958500000003,69.14,69.6,53.9,0.14267,0.0,0.193838,efficientdet_lite0_detection_metadata_1,0.2569
772,386,123.73353100000004,69.627,69.1,28.6,0.14267,0.0,0.196616,efficientdet_lite0_detection_metadata_1,0.2569
773,386,123.88275600000004,70.114,68.6,56.2,0.149225,0.0,0.196616,efficientdet_lite0_detection_metadata_1,0.2569
774,387,123.93684900000004,69.14,69.1,28.6,0.149225,0.0,0.203318,efficientdet_lite0_detection_metadata_1,0.2569
775,387,124.07458100000004,68.653,69.1,57.3,0.137732,0.0,0.203318,efficientdet_lite1_detection_metadata_1,0.2569
776,388,124.12842400000004,68.653,68.1,27.3,0.137732,0.0,0.191575,efficientdet_lite1_detection_metadata_1,0.26661999999999997
777,388,124.35648700000004,69.14,68.6,66.1,0.228063,0.0,0.191575,efficientdet_lite0_detection_metadata_1,0.26661999999999997
778,389,124.41014600000004,68.653,69.6,27.3,0.228063,0.0,0.281722,efficientdet_lite0_detection_metadata_1,0.26661999999999997
779,389,124.55170200000003,69.627,68.1,57.1,0.141556,0.0,0.281722,efficientdet_lite0_detection_metadata_1,0.26661999999999997
780,390,124.60557900000003,68.166,68.1,27.3,0.141556,0.0,0.195433,efficientdet_lite0_detection_metadata_1,0.26661999999999997
781,390,124.77495900000004,68.653,68.6,60.9,0.16938,0.0,0.195433,efficientdet_lite1_detection_metadata_1,0.26661999999999997
782,391,124.82904400000004,68.653,68.6,28.6,0.16938,0.0,0.223465,efficientdet_lite1_detection_metadata_1,0.27634
783,391,125.06392700000004,68.653,68.6,65.2,0.234883,0.0,0.223465,efficientdet_lite1_detection_metadata_1,0.27634
784,392,125.11782600000004,68.653,69.1,28.6,0.234883,0.0,0.288782,efficientdet_lite1_detection_metadata_1,0.28606
785,392,125.34429500000003,69.14,69.1,66.7,0.226469,0.0,0.288782,efficientdet_lite0_detection_metadata_1,0.28606
786,393,125.39820100000004,69.14,68.6,30.4,0.226469,0.0,0.280375,efficientdet_lite0_detection_metadata_1,0.27634
787,393,125.57773200000004,70.114,69.6,58.0,0.179531,0.0,0.280375,efficientdet_lite0_detection_metadata_1,0.27634
788,394,125.63130000000004,69.627,68.1,25.0,0.179531,0.0,0.233099,efficientdet_lite0_detection_metadata_1,0.27634
789,394,125.77208300000004,69.14,68.6,57.1,0.140783,0.0,0.233099,efficientdet_lite0_detection_metadata_1,0.27634
790,395,125.82584200000004,68.653,68.6,31.8,0.140783,0.0,0.194542,efficientdet_lite0_detection_metadata_1,0.27634
791,395,125.96617500000004,69.627,69.1,57.7,0.140333,0.0,0.194542,efficientdet_lite0_detection_metadata_1,0.27634
792,396,126.02011100000004,68.653,68.6,25.0,0.140333,0.0,0.194269,efficientdet_lite0_detection_metadata_1,0.26661999999999997
793,396,126.15689100000004,69.627,69.1,57.3,0.13678,0.0,0.194269,efficientdet_lite0_detection_metadata_1,0.26661999999999997
794,397,126.21090700000005,69.627,69.1,27.3,0.13678,0.0,0.190796,efficientdet_lite0_detection_metadata_1,0.2569
795,397,126.37709500000005,69.627,70.1,61.2,0.166188,0.0,0.190796,efficientdet_lite0_detection_metadata_1,0.2569
796,398,126.43101300000005,70.114,69.6,30.4,0.166188,0.0,0.220106,efficientdet_lite0_detection_metadata_1,0.2569
797,398,126.56755400000004,70.114,69.1,56.8,0.136541,0.0,0.220106,efficientdet_lite0_detection_metadata_1,0.2569
798,399,126.62146700000005,69.14,68.6,23.8,0.136541,0.0,0.190454,efficientdet_lite0_detection_metadata_1,0.2569
799,399,126.76200800000005,70.114,69.6,56.0,0.140541,0.0,0.190454,efficientdet_lite0_detection_metadata_1,0.2569
800,400,126.81581500000006,69.627,68.6,23.8,0.140541,0.0,0.194348,efficientdet_lite0_detection_metadata_1,0.2569
801,400,126.95956200000006,69.627,69.6,55.8,0.143747,0.0,0.194348,efficientdet_lite0_detection_metadata_1,0.2569
802,401,127.01338500000006,68.653,69.1,23.8,0.143747,0.0,0.19757,efficientdet_lite0_detection_metadata_1,0.2569
803,401,127.17377800000006,69.627,68.6,57.8,0.160393,0.0,0.19757,efficientdet_lite0_detection_metadata_1,0.2569
804,402,127.22785500000006,68.653,68.1,23.8,0.160393,0.0,0.21447,efficientdet_lite0_detection_metadata_1,0.2569
805,402,127.35959500000006,69.627,69.1,57.5,0.13174,0.0,0.21447,efficientdet_lite0_detection_metadata_1,0.2569
806,403,127.41373500000006,69.14,69.1,23.8,0.13174,0.0,0.18588,efficientdet_lite0_detection_metadata_1,0.2569
807,403,127.55439800000006,69.14,69.1,57.1,0.140663,0.0,0.18588,efficientdet_lite0_detection_metadata_1,0.2569
808,404,127.60831200000005,69.627,69.1,23.8,0.140663,0.0,0.194577,efficientdet_lite0_detection_metadata_1,0.2569
809,404,127.75888800000006,69.627,69.1,55.6,0.150576,0.0,0.194577,efficientdet_lite0_detection_metadata_1,0.2569
810,405,127.81271300000006,69.14,69.1,25.0,0.150576,0.0,0.204401,efficientdet_lite0_detection_metadata_1,0.2569
811,405,127.96145900000006,70.601,69.6,58.2,0.148746,0.0,0.204401,efficientdet_lite0_detection_metadata_1,0.2569
812,406,128.01584200000008,69.627,69.6,27.3,0.148746,0.0,0.203129,efficientdet_lite0_detection_metadata_1,0.2569
813,406,128.15774000000008,68.166,68.6,55.8,0.141898,0.0,0.203129,efficientdet_lite1_detection_metadata_1,0.2569
814,407,128.21194300000008,68.653,69.1,27.3,0.141898,0.0,0.196101,efficientdet_lite1_detection_metadata_1,0.26661999999999997
815,407,128.45069500000008,69.627,69.1,64.9,0.238752,0.0,0.196101,efficientdet_lite0_detection_metadata_1,0.26661999999999997
816,408,128.50445900000008,69.14,68.1,27.3,0.238752,0.0,0.292516,efficientdet_lite0_detection_metadata_1,0.26661999999999997
817,408,128.6479060000001,69.627,69.1,55.7,0.143447,0.0,0.292516,efficientdet_lite0_detection_metadata_1,0.26661999999999997
818,409,128.70844300000007,69.14,68.1,30.4,0.143447,0.0,0.203984,efficientdet_lite0_detection_metadata_1,0.26661999999999997
819,409,128.85649800000007,69.627,69.1,55.3,0.148055,0.0,0.203984,efficientdet_lite0_detection_metadata_1,0.26661999999999997
820,410,128.91013400000008,69.14,68.6,27.3,0.148055,0.0,0.201691,efficientdet_lite0_detection_metadata_1,0.26661999999999997
821,410,129.0520390000001,70.601,69.1,55.8,0.141905,0.0,0.201691,efficientdet_lite0_detection_metadata_1,0.26661999999999997
822,411,129.1061650000001,69.14,68.6,23.8,0.141905,0.0,0.196031,efficientdet_lite0_detection_metadata_1,0.26661999999999997
823,411,129.25330200000008,69.14,68.6,56.4,0.147137,0.0,0.196031,efficientdet_lite0_detection_metadata_1,0.26661999999999997
824,412,129.3070930000001,68.653,69.1,30.4,0.147137,0.0,0.200928,efficientdet_lite0_detection_metadata_1,0.2569
825,412,129.4467960000001,70.601,69.1,57.7,0.139703,0.0,0.200928,efficientdet_lite0_detection_metadata_1,0.2569
826,413,129.5067870000001,69.14,68.6,30.4,0.139703,0.0,0.199694,efficientdet_lite0_detection_metadata_1,0.2569
827,413,129.6499750000001,70.114,68.1,57.1,0.143188,0.0,0.199694,efficientdet_lite0_detection_metadata_1,0.2569
828,414,129.70374500000008,69.14,69.1,27.3,0.143188,0.0,0.196958,efficientdet_lite0_detection_metadata_1,0.2569
829,414,129.84489900000008,69.627,69.1,57.1,0.141154,0.0,0.196958,efficientdet_lite0_detection_metadata_1,0.2569
830,415,129.89851800000008,69.14,69.1,25.0,0.141154,0.0,0.194773,efficientdet_lite0_detection_metadata_1,0.2569
831,415,130.03838800000008,68.653,69.6,57.1,0.13987,0.0,0.194773,efficientdet_lite1_detection_metadata_1,0.2569
832,416,130.09273900000008,69.627,68.6,23.8,0.13987,0.0,0.194221,efficientdet_lite1_detection_metadata_1,0.26661999999999997
833,416,130.3226750000001,68.653,69.1,66.4,0.229936,0.0,0.194221,efficientdet_lite1_detection_metadata_1,0.26661999999999997
834,417,130.3764160000001,69.14,69.1,23.8,0.229936,0.0,0.283677,efficientdet_lite1_detection_metadata_1,0.27634
835,417,130.60363500000008,69.627,69.6,67.6,0.227219,0.0,0.283677,efficientdet_lite0_detection_metadata_1,0.27634
836,418,130.6575440000001,69.627,68.1,23.8,0.227219,0.0,0.281128,efficientdet_lite0_detection_metadata_1,0.27634
837,418,130.81049000000007,69.627,69.1,56.1,0.152946,0.0,0.281128,efficientdet_lite0_detection_metadata_1,0.27634
838,419,130.8644150000001,69.14,69.1,23.8,0.152946,0.0,0.206871,efficientdet_lite0_detection_metadata_1,0.27634
839,419,131.01224800000008,69.14,68.6,57.0,0.147833,0.0,0.206871,efficientdet_lite0_detection_metadata_1,0.27634
840,420,131.0661110000001,69.14,69.1,27.3,0.147833,0.0,0.201696,efficientdet_lite0_detection_metadata_1,0.27634
841,420,131.2115760000001,70.114,69.1,59.3,0.145465,0.0,0.201696,efficientdet_lite0_detection_metadata_1,0.27634
842,421,131.2658490000001,69.14,68.1,25.0,0.145465,0.0,0.199738,efficientdet_lite0_detection_metadata_1,0.26661999999999997
843,421,131.40192000000008,69.627,69.1,58.4,0.136071,0.0,0.199738,efficientdet_lite0_detection_metadata_1,0.26661999999999997
844,422,131.45569600000007,69.14,68.6,25.0,0.136071,0.0,0.189847,efficientdet_lite0_detection_metadata_1,0.2569
845,422,131.58836200000007,70.114,69.1,57.5,0.132666,0.0,0.189847,efficientdet_lite0_detection_metadata_1,0.2569
846,423,131.64225800000008,69.14,69.1,30.4,0.132666,0.0,0.186562,efficientdet_lite0_detection_metadata_1,0.2569
847,423,131.7797170000001,70.114,68.6,56.8,0.137459,0.0,0.186562,efficientdet_lite0_detection_metadata_1,0.2569
848,424,131.8337180000001,68.653,69.1,31.8,0.137459,0.0,0.19146,efficientdet_lite0_detection_metadata_1,0.2569
849,424,131.98204700000008,69.14,69.6,58.2,0.148329,0.0,0.19146,efficientdet_lite0_detection_metadata_1,0.2569
850,425,132.03619500000008,68.653,68.1,25.0,0.148329,0.0,0.202477,efficientdet_lite0_detection_metadata_1,0.2569
851,425,132.17558500000007,70.601,68.6,56.6,0.13939,0.0,0.202477,efficientdet_lite0_detection_metadata_1,0.2569
852,426,132.22955900000008,68.653,68.1,30.4,0.13939,0.0,0.193364,efficientdet_lite0_detection_metadata_1,0.2569
853,426,132.36757300000008,70.114,68.6,56.8,0.138014,0.0,0.193364,efficientdet_lite0_detection_metadata_1,0.2569
854,427,132.42128600000007,68.653,69.1,27.3,0.138014,0.0,0.191727,efficientdet_lite0_detection_metadata_1,0.2569
855,427,132.55420900000007,69.627,68.6,58.7,0.132923,0.0,0.191727,efficientdet_lite0_detection_metadata_1,0.2569
856,428,132.60812200000007,68.653,69.1,25.0,0.132923,0.0,0.186836,efficientdet_lite0_detection_metadata_1,0.2569
857,428,132.74588100000005,68.653,69.1,61.3,0.137759,0.0,0.186836,efficientdet_lite1_detection_metadata_1,0.2569
858,429,132.79978700000007,69.14,69.6,27.3,0.137759,0.0,0.191665,efficientdet_lite1_detection_metadata_1,0.26661999999999997
859,429,133.02720400000007,70.601,69.6,65.5,0.227417,0.0,0.191665,efficientdet_lite0_detection_metadata_1,0.26661999999999997
860,430,133.08092500000006,69.627,68.1,25.0,0.227417,0.0,0.281138,efficientdet_lite0_detection_metadata_1,0.26661999999999997
861,430,133.22019800000007,69.14,69.1,56.0,0.139273,0.0,0.281138,efficientdet_lite0_detection_metadata_1,0.26661999999999997
862,431,133.27413300000006,69.14,68.6,30.4,0.139273,0.0,0.193208,efficientdet_lite0_detection_metadata_1,0.26661999999999997
863,431,133.41848300000007,69.627,69.1,56.4,0.14435,0.0,0.193208,efficientdet_lite0_detection_metadata_1,0.26661999999999997
864,432,133.47255700000005,69.14,69.1,30.4,0.14435,0.0,0.198424,efficientdet_lite0_detection_metadata_1,0.26661999999999997
865,432,133.61053000000004,70.601,68.6,56.6,0.137973,0.0,0.198424,efficientdet_lite0_detection_metadata_1,0.26661999999999997
866,433,133.66440000000006,68.653,68.6,28.6,0.137973,0.0,0.191843,efficientdet_lite0_detection_metadata_1,0.26661999999999997
867,433,133.80432600000006,70.114,69.1,55.8,0.139926,0.0,0.191843,efficientdet_lite0_detection_metadata_1,0.26661999999999997
868,434,133.85819000000006,69.14,69.1,28.6,0.139926,0.0,0.19379,efficientdet_lite0_detection_metadata_1,0.2569
869,434,134.00214800000006,69.14,68.6,55.1,0.143958,0.0,0.19379,efficientdet_lite0_detection_metadata_1,0.2569
870,435,134.05584300000007,68.653,69.1,25.0,0.143958,0.0,0.197653,efficientdet_lite0_detection_metadata_1,0.2569
871,435,134.19575000000006,69.627,70.1,56.6,0.139907,0.0,0.197653,efficientdet_lite0_detection_metadata_1,0.2569
872,436,134.24967200000006,68.653,68.6,32.0,0.139907,0.0,0.193829,efficientdet_lite0_detection_metadata_1,0.2569
873,436,134.38962400000005,70.114,69.6,57.1,0.139952,0.0,0.193829,efficientdet_lite0_detection_metadata_1,0.2569
874,437,134.44362700000005,69.627,69.1,23.8,0.139952,0.0,0.193955,efficientdet_lite0_detection_metadata_1,0.2569
875,437,134.58652100000006,69.14,69.1,56.4,0.142894,0.0,0.193955,efficientdet_lite0_detection_metadata_1,0.2569
876,438,134.64052800000005,69.14,68.6,23.8,0.142894,0.0,0.196901,efficientdet_lite0_detection_metadata_1,0.2569
877,438,134.77165400000004,70.114,69.6,57.5,0.131126,0.0,0.196901,efficientdet_lite0_detection_metadata_1,0.2569
878,439,134.82581900000005,69.627,69.1,27.3,0.131126,0.0,0.185291,efficientdet_lite0_detection_metadata_1,0.2569
879,439,134.96025600000004,70.114,69.6,57.5,0.134437,0.0,0.185291,efficientdet_lite0_detection_metadata_1,0.2569
880,440,135.01392100000004,69.627,68.6,30.4,0.134437,0.0,0.188102,efficientdet_lite0_detection_metadata_1,0.2569
881,440,135.15219300000004,69.627,69.6,58.4,0.138272,0.0,0.188102,efficientdet_lite0_detection_metadata_1,0.2569
882,441,135.20616100000004,69.627,69.1,25.0,0.138272,0.0,0.19224,efficientdet_lite0_detection_metadata_1,0.2569
883,441,135.34021600000003,69.14,69.6,56.8,0.134055,0.0,0.19224,efficientdet_lite0_detection_metadata_1,0.2569
884,442,135.39385400000003,69.627,68.6,31.8,0.134055,0.0,0.187693,efficientdet_lite0_detection_metadata_1,0.2569
885,442,135.53231400000004,70.114,69.1,56.0,0.13846,0.0,0.187693,efficientdet_lite0_detection_metadata_1,0.2569
886,443,135.58612400000004,69.14,68.1,31.8,0.13846,0.0,0.19227,efficientdet_lite0_detection_metadata_1,0.2569
887,443,135.72879300000005,69.627,69.1,56.4,0.142669,0.0,0.19227,efficientdet_lite0_detection_metadata_1,0.2569
888,444,135.78294900000003,69.14,69.1,23.8,0.142669,0.0,0.196825,efficientdet_lite0_detection_metadata_1,0.2569
889,444,135.93354300000004,69.627,68.6,56.3,0.150594,0.0,0.196825,efficientdet_lite0_detection_metadata_1,0.2569
890,445,135.98749000000004,68.653,70.1,27.3,0.150594,0.0,0.204541,efficientdet_lite0_detection_metadata_1,0.2569
891,445,136.12876300000005,70.114,70.1,57.1,0.141273,0.0,0.204541,efficientdet_lite0_detection_metadata_1,0.2569
892,446,136.18271300000004,70.114,69.6,28.6,0.141273,0.0,0.195223,efficientdet_lite0_detection_metadata_1,0.2569
893,446,136.32592700000004,69.14,69.1,57.1,0.143214,0.0,0.195223,efficientdet_lite0_detection_metadata_1,0.2569
894,447,136.37980600000003,69.14,68.6,27.3,0.143214,0.0,0.197093,efficientdet_lite0_detection_metadata_1,0.2569
895,447,136.51213300000003,69.627,69.1,57.5,0.132327,0.0,0.197093,efficientdet_lite0_detection_metadata_1,0.2569
896,448,136.56612600000003,69.14,68.6,25.0,0.132327,0.0,0.18632,efficientdet_lite0_detection_metadata_1,0.2569
897,448,136.71549100000001,69.627,68.6,58.2,0.149365,0.0,0.18632,efficientdet_lite0_detection_metadata_1,0.2569
898,449,136.76944000000003,68.653,69.6,30.4,0.149365,0.0,0.203314,efficientdet_lite0_detection_metadata_1,0.2569
899,449,136.90102700000003,70.114,69.6,58.9,0.131587,0.0,0.203314,efficientdet_lite0_detection_metadata_1,0.2569
900,450,136.95492800000002,69.627,68.6,23.8,0.131587,0.0,0.185488,efficientdet_lite0_detection_metadata_1,0.2569
901,450,137.08939600000002,69.627,69.6,58.7,0.134468,0.0,0.185488,efficientdet_lite0_detection_metadata_1,0.2569
902,451,137.14317400000002,69.627,67.6,23.8,0.134468,0.0,0.188246,efficientdet_lite0_detection_metadata_1,0.2569
903,451,137.284352,69.14,69.6,56.6,0.141178,0.0,0.188246,efficientdet_lite0_detection_metadata_1,0.2569
904,452,137.338221,69.627,68.1,27.3,0.141178,0.0,0.195047,efficientdet_lite0_detection_metadata_1,0.2569
905,452,137.488125,69.627,69.6,59.3,0.149904,0.0,0.195047,efficientdet_lite0_detection_metadata_1,0.2569
906,453,137.54198300000002,69.627,68.6,23.8,0.149904,0.0,0.203762,efficientdet_lite0_detection_metadata_1,0.2569
907,453,137.67662800000002,70.601,69.1,59.2,0.134645,0.0,0.203762,efficientdet_lite0_detection_metadata_1,0.2569
908,454,137.730532,69.14,68.1,28.6,0.134645,0.0,0.188549,efficientdet_lite0_detection_metadata_1,0.2569
909,454,137.86713500000002,70.601,69.6,57.3,0.136603,0.0,0.188549,efficientdet_lite0_detection_metadata_1,0.2569
910,455,137.920986,69.627,68.1,23.8,0.136603,0.0,0.190454,efficientdet_lite0_detection_metadata_1,0.2569
911,455,138.051472,69.627,69.6,59.5,0.130486,0.0,0.190454,efficientdet_lite0_detection_metadata_1,0.2569
912,456,138.1056,69.627,69.1,28.6,0.130486,0.0,0.184614,efficientdet_lite0_detection_metadata_1,0.2569
913,456,138.25048900000002,69.627,69.6,58.4,0.144889,0.0,0.184614,efficientdet_lite0_detection_metadata_1,0.2569
914,457,138.304458,69.627,68.1,25.0,0.144889,0.0,0.198858,efficientdet_lite0_detection_metadata_1,0.2569
915,457,138.442721,70.601,69.1,57.7,0.138263,0.0,0.198858,efficientdet_lite0_detection_metadata_1,0.2569
916,458,138.49636700000002,69.14,67.6,25.0,0.138263,0.0,0.191909,efficientdet_lite0_detection_metadata_1,0.2569
917,458,138.63438700000003,70.114,69.1,56.0,0.13802,0.0,0.191909,efficientdet_lite0_detection_metadata_1,0.2569
918,459,138.68856000000002,69.14,70.1,28.6,0.13802,0.0,0.192193,efficientdet_lite0_detection_metadata_1,0.2569
919,459,138.83015200000003,69.627,69.6,55.8,0.141592,0.0,0.192193,efficientdet_lite0_detection_metadata_1,0.2569
920,460,138.884158,69.627,69.6,27.3,0.141592,0.0,0.195598,efficientdet_lite0_detection_metadata_1,0.2569
921,460,139.03745,69.14,69.6,57.0,0.153292,0.0,0.195598,efficientdet_lite0_detection_metadata_1,0.2569
922,461,139.091487,69.627,68.6,27.3,0.153292,0.0,0.207329,efficientdet_lite0_detection_metadata_1,0.2569
923,461,139.22794,69.627,69.1,57.3,0.136453,0.0,0.207329,efficientdet_lite0_detection_metadata_1,0.2569
924,462,139.281984,69.14,69.1,28.6,0.136453,0.0,0.190497,efficientdet_lite0_detection_metadata_1,0.2569
925,462,139.431387,70.114,68.6,56.2,0.149403,0.0,0.190497,efficientdet_lite0_detection_metadata_1,0.2569
926,463,139.485447,68.653,69.1,23.8,0.149403,0.0,0.203463,efficientdet_lite0_detection_metadata_1,0.2569
927,463,139.61923299999998,69.14,69.1,58.7,0.133786,0.0,0.203463,efficientdet_lite0_detection_metadata_1,0.2569
928,464,139.673089,69.14,68.6,23.8,0.133786,0.0,0.187642,efficientdet_lite0_detection_metadata_1,0.2569
929,464,139.820187,70.601,68.6,59.5,0.147098,0.0,0.187642,efficientdet_lite0_detection_metadata_1,0.2569
930,465,139.874559,68.653,67.6,30.4,0.147098,0.0,0.20147,efficientdet_lite0_detection_metadata_1,0.2569
931,465,140.016843,68.653,68.1,57.9,0.142284,0.0,0.20147,efficientdet_lite1_detection_metadata_1,0.2569
932,466,140.070416,69.627,69.6,27.3,0.142284,0.0,0.195857,efficientdet_lite1_detection_metadata_1,0.26661999999999997
933,466,140.302256,69.627,69.1,65.8,0.23184,0.0,0.195857,efficientdet_lite0_detection_metadata_1,0.26661999999999997
934,467,140.356251,69.14,69.1,25.0,0.23184,0.0,0.285835,efficientdet_lite0_detection_metadata_1,0.26661999999999997
935,467,140.49548,70.601,69.1,56.6,0.139229,0.0,0.285835,efficientdet_lite0_detection_metadata_1,0.26661999999999997
936,468,140.54906799999998,69.14,68.6,25.0,0.139229,0.0,0.192817,efficientdet_lite0_detection_metadata_1,0.26661999999999997
937,468,140.68441299999998,68.653,69.1,59.2,0.135345,0.0,0.192817,efficientdet_lite1_detection_metadata_1,0.26661999999999997
938,469,140.73846299999997,69.14,68.6,27.3,0.135345,0.0,0.189395,efficientdet_lite1_detection_metadata_1,0.27634
939,469,140.97683599999996,70.601,69.6,64.0,0.238373,0.0,0.189395,efficientdet_lite0_detection_metadata_1,0.27634
940,470,141.03082399999997,69.627,69.1,27.3,0.238373,0.0,0.292361,efficientdet_lite0_detection_metadata_1,0.27634
941,470,141.16206699999998,70.114,70.1,59.5,0.131243,0.0,0.292361,efficientdet_lite0_detection_metadata_1,0.27634
942,471,141.21587299999996,70.114,68.1,20.0,0.131243,0.0,0.185049,efficientdet_lite0_detection_metadata_1,0.26661999999999997
943,471,141.36073099999996,69.627,69.1,56.8,0.144858,0.0,0.185049,efficientdet_lite0_detection_metadata_1,0.26661999999999997
944,472,141.42074899999997,69.14,68.6,25.0,0.144858,0.0,0.204876,efficientdet_lite0_detection_metadata_1,0.26661999999999997
945,472,141.55994799999996,70.114,70.1,57.1,0.139199,0.0,0.204876,efficientdet_lite0_detection_metadata_1,0.26661999999999997
946,473,141.61385199999998,70.114,68.6,25.0,0.139199,0.0,0.193103,efficientdet_lite0_detection_metadata_1,0.26661999999999997
947,473,141.78894499999998,69.14,69.1,52.8,0.175093,0.0,0.193103,efficientdet_lite0_detection_metadata_1,0.26661999999999997
948,474,141.84273,69.14,69.1,28.6,0.175093,0.0,0.228878,efficientdet_lite0_detection_metadata_1,0.2569
949,474,141.98279499999998,69.627,69.1,57.7,0.140065,0.0,0.228878,efficientdet_lite0_detection_metadata_1,0.2569
950,475,142.03671899999998,69.14,69.1,23.8,0.140065,0.0,0.193989,efficientdet_lite0_detection_metadata_1,0.2569
951,475,142.17490299999997,69.627,69.1,57.5,0.138184,0.0,0.193989,efficientdet_lite0_detection_metadata_1,0.2569
952,476,142.23699399999998,69.14,68.1,25.0,0.138184,0.0,0.200275,efficientdet_lite0_detection_metadata_1,0.2569
953,476,142.37772099999998,69.627,69.6,56.6,0.140727,0.0,0.200275,efficientdet_lite0_detection_metadata_1,0.2569
954,477,142.43156599999998,69.627,69.1,23.8,0.140727,0.0,0.194572,efficientdet_lite0_detection_metadata_1,0.2569
955,477,142.57013599999996,69.14,69.1,57.9,0.13857,0.0,0.194572,efficientdet_lite0_detection_metadata_1,0.2569
956,478,142.62409199999996,69.14,68.6,27.3,0.13857,0.0,0.192526,efficientdet_lite0_detection_metadata_1,0.2569
957,478,143.05373699999996,70.601,69.1,75.8,0.429645,0.0,0.192526,efficientdet_lite0_detection_metadata_1,0.2569
958,479,143.10807099999997,69.14,69.1,25.0,0.429645,0.0,0.483979,efficientdet_lite0_detection_metadata_1,0.2569
959,479,143.24784399999996,70.114,68.6,57.1,0.139773,0.0,0.483979,efficientdet_lite0_detection_metadata_1,0.2569
960,480,143.30147999999997,69.14,70.1,23.8,0.139773,0.0,0.193409,efficientdet_lite0_detection_metadata_1,0.2569
961,480,143.43278799999996,70.114,70.6,58.3,0.131308,0.0,0.193409,efficientdet_lite0_detection_metadata_1,0.2569
962,481,143.48670499999997,70.601,69.1,27.3,0.131308,0.0,0.185225,efficientdet_lite0_detection_metadata_1,0.2569
963,481,143.62293799999998,69.627,70.1,57.5,0.136233,0.0,0.185225,efficientdet_lite0_detection_metadata_1,0.2569
964,482,143.67680199999998,70.114,69.1,27.3,0.136233,0.0,0.190097,efficientdet_lite0_detection_metadata_1,0.2569
965,482,143.811153,69.627,69.1,56.6,0.134351,0.0,0.190097,efficientdet_lite0_detection_metadata_1,0.2569
966,483,143.87427699999998,69.14,68.6,27.3,0.134351,0.0,0.197475,efficientdet_lite0_detection_metadata_1,0.2569
967,483,144.011328,69.627,69.6,57.9,0.137051,0.0,0.197475,efficientdet_lite0_detection_metadata_1,0.2569
968,484,144.06541299999998,69.627,69.6,25.0,0.137051,0.0,0.191136,efficientdet_lite0_detection_metadata_1,0.2569
969,484,144.20302499999997,70.114,69.6,57.3,0.137612,0.0,0.191136,efficientdet_lite0_detection_metadata_1,0.2569
970,485,144.25673899999998,69.627,69.1,27.3,0.137612,0.0,0.191326,efficientdet_lite0_detection_metadata_1,0.2569
971,485,144.391405,70.601,70.1,58.1,0.134666,0.0,0.191326,efficientdet_lite0_detection_metadata_1,0.2569
972,486,144.44547899999998,70.114,69.6,23.8,0.134666,0.0,0.18874,efficientdet_lite0_detection_metadata_1,0.2569
973,486,144.588104,69.627,69.1,58.0,0.142625,0.0,0.18874,efficientdet_lite0_detection_metadata_1,0.2569
974,487,144.64931299999998,69.14,69.1,28.6,0.142625,0.0,0.203834,efficientdet_lite0_detection_metadata_1,0.2569
975,487,144.78155699999996,69.627,69.1,58.7,0.132244,0.0,0.203834,efficientdet_lite0_detection_metadata_1,0.2569
976,488,144.83545199999998,69.14,68.1,25.0,0.132244,0.0,0.186139,efficientdet_lite0_detection_metadata_1,0.2569
977,488,144.97680799999998,70.114,69.6,57.7,0.141356,0.0,0.186139,efficientdet_lite0_detection_metadata_1,0.2569
978,489,145.03070099999997,69.627,68.6,27.3,0.141356,0.0,0.195249,efficientdet_lite0_detection_metadata_1,0.2569
979,489,145.16491699999997,69.627,69.1,58.1,0.134216,0.0,0.195249,efficientdet_lite0_detection_metadata_1,0.2569
980,490,145.21885499999996,69.14,69.1,23.8,0.134216,0.0,0.188154,efficientdet_lite0_detection_metadata_1,0.2569
981,490,145.35660199999995,70.114,69.6,57.9,0.137747,0.0,0.188154,efficientdet_lite0_detection_metadata_1,0.2569
982,491,145.41050499999997,69.627,68.6,42.3,0.137747,0.0,0.19165,efficientdet_lite0_detection_metadata_1,0.2569
983,491,145.55316699999997,70.114,69.6,56.4,0.142662,0.0,0.19165,efficientdet_lite0_detection_metadata_1,0.2569
984,492,145.60680199999996,69.627,69.1,27.3,0.142662,0.0,0.196297,efficientdet_lite0_detection_metadata_1,0.2569
985,492,145.74161399999997,69.627,69.6,58.1,0.134812,0.0,0.196297,efficientdet_lite0_detection_metadata_1,0.2569
986,493,145.79529199999996,69.627,68.6,28.6,0.134812,0.0,0.18849,efficientdet_lite0_detection_metadata_1,0.2569
987,493,145.92964499999997,69.627,69.1,58.1,0.134353,0.0,0.18849,efficientdet_lite0_detection_metadata_1,0.2569
988,494,145.98364599999996,69.14,68.6,27.3,0.134353,0.0,0.188354,efficientdet_lite0_detection_metadata_1,0.2569
989,494,146.11955599999996,70.114,69.1,57.3,0.13591,0.0,0.188354,efficientdet_lite0_detection_metadata_1,0.2569
990,495,146.17374599999997,69.14,69.6,42.3,0.13591,0.0,0.1901,efficientdet_lite0_detection_metadata_1,0.2569
991,495,146.32331299999996,70.114,69.1,55.6,0.149567,0.0,0.1901,efficientdet_lite0_detection_metadata_1,0.2569
992,496,146.37702099999996,69.14,68.6,28.6,0.149567,0.0,0.203275,efficientdet_lite0_detection_metadata_1,0.2569
993,496,146.51382499999997,69.627,68.6,57.3,0.136804,0.0,0.203275,efficientdet_lite0_detection_metadata_1,0.2569
994,497,146.56769299999996,68.653,68.6,27.3,0.136804,0.0,0.190672,efficientdet_lite0_detection_metadata_1,0.2569
995,497,146.70029499999995,70.114,69.1,57.5,0.132602,0.0,0.190672,efficientdet_lite0_detection_metadata_1,0.2569
996,498,146.75413599999996,69.14,69.1,28.6,0.132602,0.0,0.186443,efficientdet_lite0_detection_metadata_1,0.2569
997,498,146.89353599999995,69.627,69.6,57.1,0.1394,0.0,0.186443,efficientdet_lite0_detection_metadata_1,0.2569
998,499,146.94736099999997,69.627,68.6,40.0,0.1394,0.0,0.193225,efficientdet_lite0_detection_metadata_1,0.2569
999,499,147.08268199999998,68.653,69.1,59.5,0.135321,0.0,0.193225,efficientdet_lite1_detection_metadata_1,0.2569
1000,500,147.13646299999996,69.14,69.1,23.8,0.135321,0.0,0.189102,efficientdet_lite1_detection_metadata_1,0.26661999999999997
1001,500,147.36939999999996,69.627,70.1,65.2,0.232937,0.0,0.189102,efficientdet_lite0_detection_metadata_1,0.26661999999999997
1002,501,147.42362999999997,70.114,69.1,25.0,0.232937,0.0,0.287167,efficientdet_lite0_detection_metadata_1,0.26661999999999997
1003,501,147.557968,70.114,69.1,57.3,0.134338,0.0,0.287167,efficientdet_lite0_detection_metadata_1,0.26661999999999997
1004,502,147.61189199999998,69.14,69.6,25.0,0.134338,0.0,0.188262,efficientdet_lite0_detection_metadata_1,0.26661999999999997
1005,502,147.75900599999997,69.627,69.1,55.7,0.147114,0.0,0.188262,efficientdet_lite0_detection_metadata_1,0.26661999999999997
1006,503,147.81468299999997,69.14,69.1,30.4,0.147114,0.0,0.202791,efficientdet_lite0_detection_metadata_1,0.26661999999999997
1007,503,147.95368699999997,69.14,68.6,57.1,0.139004,0.0,0.202791,efficientdet_lite0_detection_metadata_1,0.26661999999999997
1008,504,148.00765599999997,68.653,69.1,25.0,0.139004,0.0,0.192973,efficientdet_lite0_detection_metadata_1,0.26661999999999997
1009,504,148.14737699999998,69.14,69.1,56.6,0.139721,0.0,0.192973,efficientdet_lite0_detection_metadata_1,0.26661999999999997
1010,505,148.20113099999998,69.14,69.6,28.6,0.139721,0.0,0.193475,efficientdet_lite0_detection_metadata_1,0.2569
1011,505,148.34220399999998,69.627,68.1,57.1,0.141073,0.0,0.193475,efficientdet_lite0_detection_metadata_1,0.2569
1012,506,148.39597999999998,68.166,69.1,23.8,0.141073,0.0,0.194849,efficientdet_lite0_detection_metadata_1,0.2569
1013,506,148.531987,70.114,69.6,57.9,0.136007,0.0,0.194849,efficientdet_lite0_detection_metadata_1,0.2569
1014,507,148.59152899999998,69.14,69.6,25.0,0.136007,0.0,0.195549,efficientdet_lite0_detection_metadata_1,0.2569
1015,507,148.726869,70.114,69.6,58.1,0.13534,0.0,0.195549,efficientdet_lite0_detection_metadata_1,0.2569
1016,508,148.780929,69.627,69.6,30.4,0.13534,0.0,0.1894,efficientdet_lite0_detection_metadata_1,0.2569
1017,508,148.924083,70.114,69.1,56.6,0.143154,0.0,0.1894,efficientdet_lite0_detection_metadata_1,0.2569
1018,509,148.977756,69.14,70.1,23.8,0.143154,0.0,0.196827,efficientdet_lite0_detection_metadata_1,0.2569
1019,509,149.110003,69.14,69.6,59.5,0.132247,0.0,0.196827,efficientdet_lite0_detection_metadata_1,0.2569
1020,510,149.16392,69.627,69.6,27.3,0.132247,0.0,0.186164,efficientdet_lite0_detection_metadata_1,0.2569
1021,510,149.30516,69.627,70.1,58.7,0.14124,0.0,0.186164,efficientdet_lite0_detection_metadata_1,0.2569
1022,511,149.365295,70.114,68.6,28.6,0.14124,0.0,0.201375,efficientdet_lite0_detection_metadata_1,0.2569
1023,511,149.502758,69.627,68.6,57.3,0.137463,0.0,0.201375,efficientdet_lite0_detection_metadata_1,0.2569
1024,512,149.556878,68.653,69.6,27.3,0.137463,0.0,0.191583,efficientdet_lite0_detection_metadata_1,0.2569
1025,512,149.69545100000002,69.627,68.6,58.4,0.138573,0.0,0.191583,efficientdet_lite0_detection_metadata_1,0.2569
1026,513,149.74917100000002,68.653,69.1,23.8,0.138573,0.0,0.192293,efficientdet_lite0_detection_metadata_1,0.2569
1027,513,149.892692,69.627,70.1,56.6,0.143521,0.0,0.192293,efficientdet_lite0_detection_metadata_1,0.2569
1028,514,149.94709300000002,70.114,69.6,27.3,0.143521,0.0,0.197922,efficientdet_lite0_detection_metadata_1,0.2569
1029,514,150.09372700000003,69.627,68.1,56.8,0.146634,0.0,0.197922,efficientdet_lite0_detection_metadata_1,0.2569
1030,515,150.15535300000002,68.653,70.1,23.8,0.146634,0.0,0.20826,efficientdet_lite0_detection_metadata_1,0.2569
1031,515,150.29381,69.14,69.1,57.9,0.138457,0.0,0.20826,efficientdet_lite0_detection_metadata_1,0.2569
1032,516,150.348014,69.14,69.1,31.8,0.138457,0.0,0.192661,efficientdet_lite0_detection_metadata_1,0.2569
1033,516,150.488836,70.114,68.6,57.1,0.140822,0.0,0.192661,efficientdet_lite0_detection_metadata_1,0.2569
1034,517,150.542571,68.653,68.6,28.6,0.140822,0.0,0.194557,efficientdet_lite0_detection_metadata_1,0.2569
1035,517,150.678819,69.627,70.1,57.3,0.136248,0.0,0.194557,efficientdet_lite0_detection_metadata_1,0.2569
1036,518,150.732595,70.114,68.6,31.8,0.136248,0.0,0.190024,efficientdet_lite0_detection_metadata_1,0.2569
1037,518,150.878031,69.14,70.1,56.2,0.145436,0.0,0.190024,efficientdet_lite0_detection_metadata_1,0.2569
1038,519,150.938337,70.114,69.1,23.8,0.145436,0.0,0.205742,efficientdet_lite0_detection_metadata_1,0.2569
1039,519,151.08164,70.601,69.1,58.2,0.143303,0.0,0.205742,efficientdet_lite0_detection_metadata_1,0.2569
1040,520,151.13581,69.14,68.6,28.6,0.143303,0.0,0.197473,efficientdet_lite0_detection_metadata_1,0.2569
1041,520,151.27618099999998,68.653,68.6,57.7,0.140371,0.0,0.197473,efficientdet_lite1_detection_metadata_1,0.2569
1042,521,151.330085,68.653,68.1,25.0,0.140371,0.0,0.194275,efficientdet_lite1_detection_metadata_1,0.26661999999999997
1043,521,151.559149,69.14,70.1,66.1,0.229064,0.0,0.194275,efficientdet_lite0_detection_metadata_1,0.26661999999999997
1044,522,151.612931,70.114,68.1,27.3,0.229064,0.0,0.282846,efficientdet_lite0_detection_metadata_1,0.26661999999999997
1045,522,151.776814,69.627,69.1,56.5,0.163883,0.0,0.282846,efficientdet_lite0_detection_metadata_1,0.26661999999999997
1046,523,151.83044,69.627,69.6,25.0,0.163883,0.0,0.217509,efficientdet_lite0_detection_metadata_1,0.26661999999999997
1047,523,151.969534,69.627,70.1,58.4,0.139094,0.0,0.217509,efficientdet_lite0_detection_metadata_1,0.26661999999999997
1048,524,152.023739,70.114,68.6,23.8,0.139094,0.0,0.193299,efficientdet_lite0_detection_metadata_1,0.26661999999999997
1049,524,152.15942800000002,71.088,69.6,57.3,0.135689,0.0,0.193299,efficientdet_lite0_detection_metadata_1,0.26661999999999997
1050,525,152.213222,69.627,69.1,28.6,0.135689,0.0,0.189483,efficientdet_lite0_detection_metadata_1,0.26661999999999997
1051,525,152.352147,70.114,69.6,57.1,0.138925,0.0,0.189483,efficientdet_lite0_detection_metadata_1,0.26661999999999997
1052,526,152.405934,69.627,70.1,28.6,0.138925,0.0,0.192712,efficientdet_lite0_detection_metadata_1,0.2569
1053,526,152.552058,70.114,68.1,58.2,0.146124,0.0,0.192712,efficientdet_lite0_detection_metadata_1,0.2569
1054,527,152.605838,68.166,69.6,31.8,0.146124,0.0,0.199904,efficientdet_lite0_detection_metadata_1,0.2569
1055,527,152.744851,70.114,69.1,56.6,0.139013,0.0,0.199904,efficientdet_lite0_detection_metadata_1,0.2569
1056,528,152.79862,69.14,69.1,28.6,0.139013,0.0,0.192782,efficientdet_lite0_detection_metadata_1,0.2569
1057,528,152.944979,69.627,69.1,55.7,0.146359,0.0,0.192782,efficientdet_lite0_detection_metadata_1,0.2569
1058,529,152.998698,69.14,70.1,30.4,0.146359,0.0,0.200078,efficientdet_lite0_detection_metadata_1,0.2569
1059,529,153.141671,70.114,69.6,56.6,0.142973,0.0,0.200078,efficientdet_lite0_detection_metadata_1,0.2569
1060,530,153.195415,69.627,69.6,27.3,0.142973,0.0,0.196717,efficientdet_lite0_detection_metadata_1,0.2569
1061,530,153.340407,70.114,70.6,57.1,0.144992,0.0,0.196717,efficientdet_lite0_detection_metadata_1,0.2569
1062,531,153.394238,69.627,69.6,28.6,0.144992,0.0,0.198823,efficientdet_lite0_detection_metadata_1,0.2569
1063,531,153.53463,70.114,70.1,57.7,0.140392,0.0,0.198823,efficientdet_lite0_detection_metadata_1,0.2569
1064,532,153.588531,70.114,68.6,27.3,0.140392,0.0,0.194293,efficientdet_lite0_detection_metadata_1,0.2569
1065,532,153.738813,70.114,70.1,53.7,0.150282,0.0,0.194293,efficientdet_lite0_detection_metadata_1,0.2569
1066,533,153.792664,70.114,69.1,28.6,0.150282,0.0,0.204133,efficientdet_lite0_detection_metadata_1,0.2569
1067,533,153.946287,69.627,68.6,54.3,0.153623,0.0,0.204133,efficientdet_lite0_detection_metadata_1,0.2569
1068,534,154.000237,68.653,68.6,30.4,0.153623,0.0,0.207573,efficientdet_lite0_detection_metadata_1,0.2569
1069,534,154.155872,70.601,69.6,56.3,0.155635,0.0,0.207573,efficientdet_lite0_detection_metadata_1,0.2569
1070,535,154.209749,69.627,69.6,27.3,0.155635,0.0,0.209512,efficientdet_lite0_detection_metadata_1,0.2569
1071,535,154.35651099999998,69.627,69.1,57.0,0.146762,0.0,0.209512,efficientdet_lite0_detection_metadata_1,0.2569
1072,536,154.41026599999998,69.627,69.6,23.8,0.146762,0.0,0.200517,efficientdet_lite0_detection_metadata_1,0.2569
1073,536,154.55385099999998,69.14,70.1,55.7,0.143585,0.0,0.200517,efficientdet_lite0_detection_metadata_1,0.2569
1074,537,154.60759899999996,70.114,69.1,28.6,0.143585,0.0,0.197333,efficientdet_lite0_detection_metadata_1,0.2569
1075,537,154.74555299999997,70.114,68.6,55.4,0.137954,0.0,0.197333,efficientdet_lite0_detection_metadata_1,0.2569
1076,538,154.79951199999996,68.653,70.1,28.6,0.137954,0.0,0.191913,efficientdet_lite0_detection_metadata_1,0.2569
1077,538,154.96081499999997,69.627,69.1,56.6,0.161303,0.0,0.191913,efficientdet_lite0_detection_metadata_1,0.2569
1078,539,155.01464899999996,69.14,69.6,23.8,0.161303,0.0,0.215137,efficientdet_lite0_detection_metadata_1,0.2569
1079,539,155.15475499999997,70.114,69.1,57.7,0.140106,0.0,0.215137,efficientdet_lite0_detection_metadata_1,0.2569
1080,540,155.20877899999996,69.14,68.1,27.3,0.140106,0.0,0.19413,efficientdet_lite0_detection_metadata_1,0.2569
1081,540,155.34502499999996,70.114,69.1,58.1,0.136246,0.0,0.19413,efficientdet_lite0_detection_metadata_1,0.2569
1082,541,155.39882299999996,69.14,69.6,20.0,0.136246,0.0,0.190044,efficientdet_lite0_detection_metadata_1,0.2569
1083,541,155.53304399999996,69.627,70.1,58.7,0.134221,0.0,0.190044,efficientdet_lite0_detection_metadata_1,0.2569
1084,542,155.58739299999996,70.114,70.1,23.8,0.134221,0.0,0.18857,efficientdet_lite0_detection_metadata_1,0.2569
1085,542,155.73667299999997,70.114,69.1,59.3,0.14928,0.0,0.18857,efficientdet_lite0_detection_metadata_1,0.2569
1086,543,155.79040899999995,69.14,68.6,25.0,0.14928,0.0,0.203016,efficientdet_lite0_detection_metadata_1,0.2569
1087,543,155.92755899999995,70.114,69.6,57.9,0.13715,0.0,0.203016,efficientdet_lite0_detection_metadata_1,0.2569
1088,544,155.98118399999996,69.627,69.1,27.3,0.13715,0.0,0.190775,efficientdet_lite0_detection_metadata_1,0.2569
1089,544,156.12059199999996,70.114,68.6,56.6,0.139408,0.0,0.190775,efficientdet_lite0_detection_metadata_1,0.2569
1090,545,156.17466799999997,68.653,69.1,27.3,0.139408,0.0,0.193484,efficientdet_lite0_detection_metadata_1,0.2569
1091,545,156.31212099999996,70.114,69.1,56.8,0.137453,0.0,0.193484,efficientdet_lite0_detection_metadata_1,0.2569
1092,546,156.36612099999996,69.14,69.6,27.3,0.137453,0.0,0.191453,efficientdet_lite0_detection_metadata_1,0.2569
1093,546,156.51442099999997,69.14,69.1,57.5,0.1483,0.0,0.191453,efficientdet_lite0_detection_metadata_1,0.2569
1094,547,156.56902899999997,69.14,69.6,28.6,0.1483,0.0,0.202908,efficientdet_lite0_detection_metadata_1,0.2569
1095,547,156.70044999999996,69.627,69.6,58.9,0.131421,0.0,0.202908,efficientdet_lite0_detection_metadata_1,0.2569
1096,548,156.75426199999998,69.627,68.6,23.8,0.131421,0.0,0.185233,efficientdet_lite0_detection_metadata_1,0.2569
1097,548,156.89248999999998,69.627,70.1,56.8,0.138228,0.0,0.185233,efficientdet_lite0_detection_metadata_1,0.2569
1098,549,156.946431,69.627,68.6,23.8,0.138228,0.0,0.192169,efficientdet_lite0_detection_metadata_1,0.2569
1099,549,157.082863,70.114,70.1,57.3,0.136432,0.0,0.192169,efficientdet_lite0_detection_metadata_1,0.2569
1100,550,157.13679,69.14,68.6,27.3,0.136432,0.0,0.190359,efficientdet_lite0_detection_metadata_1,0.2569
1101,550,157.293862,69.627,69.6,57.1,0.157072,0.0,0.190359,efficientdet_lite0_detection_metadata_1,0.2569
1102,551,157.34815899999998,70.114,70.1,28.6,0.157072,0.0,0.211369,efficientdet_lite0_detection_metadata_1,0.2569
1103,551,157.48272199999997,69.627,68.6,56.8,0.134563,0.0,0.211369,efficientdet_lite0_detection_metadata_1,0.2569
1104,552,157.536523,68.653,69.6,28.6,0.134563,0.0,0.188364,efficientdet_lite0_detection_metadata_1,0.2569
1105,552,157.67970599999998,70.114,69.1,56.4,0.143183,0.0,0.188364,efficientdet_lite0_detection_metadata_1,0.2569
1106,553,157.73355899999999,69.14,69.6,27.3,0.143183,0.0,0.197036,efficientdet_lite0_detection_metadata_1,0.2569
1107,553,157.87502099999998,70.114,69.1,56.6,0.141462,0.0,0.197036,efficientdet_lite0_detection_metadata_1,0.2569
1108,554,157.92913399999998,69.14,69.6,23.8,0.141462,0.0,0.195575,efficientdet_lite0_detection_metadata_1,0.2569
1109,554,158.06815399999996,70.601,70.1,59.7,0.13902,0.0,0.195575,efficientdet_lite0_detection_metadata_1,0.2569
1110,555,158.122663,70.114,69.1,23.8,0.13902,0.0,0.193529,efficientdet_lite0_detection_metadata_1,0.2569
1111,555,158.25621099999998,70.114,69.6,58.7,0.133548,0.0,0.193529,efficientdet_lite0_detection_metadata_1,0.2569
1112,556,158.310209,69.627,69.1,23.8,0.133548,0.0,0.187546,efficientdet_lite0_detection_metadata_1,0.2569
1113,556,158.44553399999998,69.14,69.1,57.5,0.135325,0.0,0.187546,efficientdet_lite0_detection_metadata_1,0.2569
1114,557,158.49930099999997,69.14,69.6,27.3,0.135325,0.0,0.189092,efficientdet_lite0_detection_metadata_1,0.2569
1115,557,158.63729999999998,70.114,70.1,56.8,0.137999,0.0,0.189092,efficientdet_lite0_detection_metadata_1,0.2569
1116,558,158.69138299999997,70.114,69.1,27.3,0.137999,0.0,0.192082,efficientdet_lite0_detection_metadata_1,0.2569
1117,558,158.828164,70.114,70.1,57.7,0.136781,0.0,0.192082,efficientdet_lite0_detection_metadata_1,0.2569
1118,559,158.88920699999997,70.114,69.1,28.6,0.136781,0.0,0.197824,efficientdet_lite0_detection_metadata_1,0.2569
1119,559,159.02872099999996,70.114,69.6,57.1,0.139514,0.0,0.197824,efficientdet_lite0_detection_metadata_1,0.2569
1120,560,159.08273799999998,69.627,70.1,23.8,0.139514,0.0,0.193531,efficientdet_lite0_detection_metadata_1,0.2569
1121,560,159.22958099999997,69.627,69.6,57.0,0.146843,0.0,0.193531,efficientdet_lite0_detection_metadata_1,0.2569
1122,561,159.28345299999998,69.627,69.1,23.8,0.146843,0.0,0.200715,efficientdet_lite0_detection_metadata_1,0.2569
1123,561,159.421507,70.601,68.6,57.9,0.138054,0.0,0.200715,efficientdet_lite0_detection_metadata_1,0.2569
1124,562,159.47549199999997,68.653,68.6,25.0,0.138054,0.0,0.192039,efficientdet_lite0_detection_metadata_1,0.2569
1125,562,159.61216499999998,69.14,69.1,58.4,0.136673,0.0,0.192039,efficientdet_lite0_detection_metadata_1,0.2569
1126,563,159.67178399999997,69.14,69.6,25.0,0.136673,0.0,0.196292,efficientdet_lite0_detection_metadata_1,0.2569
1127,563,159.81655499999997,70.601,68.6,55.7,0.144771,0.0,0.196292,efficientdet_lite0_detection_metadata_1,0.2569
1128,564,159.87053099999997,68.653,69.6,28.6,0.144771,0.0,0.198747,efficientdet_lite0_detection_metadata_1,0.2569
1129,564,160.00698699999998,70.114,68.6,56.8,0.136456,0.0,0.198747,efficientdet_lite0_detection_metadata_1,0.2569
1130,565,160.06073899999998,68.653,70.1,23.8,0.136456,0.0,0.190208,efficientdet_lite0_detection_metadata_1,0.2569
1131,565,160.19465,69.14,69.1,58.1,0.133911,0.0,0.190208,efficientdet_lite0_detection_metadata_1,0.2569
1132,566,160.24839799999998,69.14,69.1,23.8,0.133911,0.0,0.187659,efficientdet_lite0_detection_metadata_1,0.2569
1133,566,160.396517,69.14,70.1,56.8,0.148119,0.0,0.187659,efficientdet_lite0_detection_metadata_1,0.2569
1134,567,160.456077,69.627,69.1,28.6,0.148119,0.0,0.207679,efficientdet_lite0_detection_metadata_1,0.2569
1135,567,160.600738,69.627,69.1,55.1,0.144661,0.0,0.207679,efficientdet_lite0_detection_metadata_1,0.2569
1136,568,160.654721,69.14,70.1,27.3,0.144661,0.0,0.198644,efficientdet_lite0_detection_metadata_1,0.2569
1137,568,160.795405,69.627,69.6,56.0,0.140684,0.0,0.198644,efficientdet_lite0_detection_metadata_1,0.2569
1138,569,160.84928399999998,69.627,68.6,27.3,0.140684,0.0,0.194563,efficientdet_lite0_detection_metadata_1,0.2569
1139,569,160.99509099999997,71.088,69.1,56.4,0.145807,0.0,0.194563,efficientdet_lite0_detection_metadata_1,0.2569
1140,570,161.048758,69.627,70.1,23.8,0.145807,0.0661314932580915,0.199474,efficientdet_lite0_detection_metadata_1,0.2569
1141,570,161.187389,70.601,69.1,57.7,0.138631,0.0661314932580915,0.199474,efficientdet_lite0_detection_metadata_1,0.2569
1142,571,161.313135,68.653,68.6,10.6,0.138631,0.0,0.264377,efficientdet_lite0_detection_metadata_1,0.2569
1143,571,161.45827699999998,69.627,69.1,54.7,0.145142,0.0,0.264377,efficientdet_lite0_detection_metadata_1,0.2569
1144,572,161.511979,69.14,68.6,27.3,0.145142,0.0,0.198844,efficientdet_lite0_detection_metadata_1,0.2569
1145,572,161.643399,70.114,69.6,57.5,0.13142,0.0,0.198844,efficientdet_lite0_detection_metadata_1,0.2569
1146,573,161.697528,69.627,69.6,27.3,0.13142,0.0,0.185549,efficientdet_lite0_detection_metadata_1,0.2569
1147,573,161.830614,71.088,70.1,58.9,0.133086,0.0,0.185549,efficientdet_lite0_detection_metadata_1,0.2569
1148,574,161.884399,70.114,68.6,27.3,0.133086,0.0661314932580915,0.186871,efficientdet_lite0_detection_metadata_1,0.2569
1149,574,162.02994,70.114,70.1,55.8,0.145541,0.0661314932580915,0.186871,efficientdet_lite0_detection_metadata_1,0.2569
1150,575,162.149901,68.653,69.1,12.5,0.145541,0.0,0.265502,efficientdet_lite0_detection_metadata_1,0.2569
1151,575,162.288352,70.114,69.6,56.0,0.138451,0.0,0.265502,efficientdet_lite0_detection_metadata_1,0.2569
1152,576,162.342499,69.627,68.6,25.0,0.138451,0.0,0.192598,efficientdet_lite0_detection_metadata_1,0.2569
1153,576,162.490693,70.601,69.6,54.4,0.148194,0.0,0.192598,efficientdet_lite0_detection_metadata_1,0.2569
1154,577,162.544316,69.627,68.6,30.4,0.148194,0.0,0.201817,efficientdet_lite0_detection_metadata_1,0.2569
1155,577,162.687607,70.601,69.6,55.8,0.143291,0.0,0.201817,efficientdet_lite0_detection_metadata_1,0.2569
1156,578,162.741589,69.627,68.6,23.8,0.143291,0.0,0.197273,efficientdet_lite0_detection_metadata_1,0.2569
1157,578,162.885364,70.114,69.6,60.8,0.143775,0.0,0.197273,efficientdet_lite0_detection_metadata_1,0.2569
1158,579,162.939237,69.627,70.1,25.0,0.143775,0.0,0.197648,efficientdet_lite0_detection_metadata_1,0.2569
1159,579,163.083336,69.14,69.1,54.5,0.144099,0.0,0.197648,efficientdet_lite0_detection_metadata_1,0.2569
1160,580,163.13717499999998,69.14,70.1,31.8,0.144099,0.0,0.197938,efficientdet_lite0_detection_metadata_1,0.2569
1161,580,163.26930299999998,70.114,69.6,58.1,0.132128,0.0,0.197938,efficientdet_lite0_detection_metadata_1,0.2569
1162,581,163.323131,69.627,70.1,25.0,0.132128,0.0,0.185956,efficientdet_lite0_detection_metadata_1,0.2569
1163,581,163.45291999999998,70.114,69.1,59.5,0.129789,0.0,0.185956,efficientdet_lite0_detection_metadata_1,0.2569
1164,582,163.506837,69.627,69.6,23.8,0.129789,0.0,0.183706,efficientdet_lite0_detection_metadata_1,0.2569
1165,582,163.65527899999998,70.601,70.6,58.7,0.148442,0.0,0.183706,efficientdet_lite0_detection_metadata_1,0.2569
1166,583,163.709113,70.601,69.1,31.8,0.148442,0.0,0.202276,efficientdet_lite0_detection_metadata_1,0.2569
1167,583,163.846989,70.601,69.1,57.1,0.137876,0.0,0.202276,efficientdet_lite0_detection_metadata_1,0.2569
1168,584,163.900858,69.14,69.6,28.6,0.137876,0.0,0.191745,efficientdet_lite0_detection_metadata_1,0.2569
1169,584,164.038019,69.627,69.6,57.9,0.137161,0.0,0.191745,efficientdet_lite0_detection_metadata_1,0.2569
1170,585,164.091674,69.627,69.6,28.6,0.137161,0.0,0.190816,efficientdet_lite0_detection_metadata_1,0.2569
1171,585,164.230457,70.601,69.6,57.1,0.138783,0.0,0.190816,efficientdet_lite0_detection_metadata_1,0.2569
1172,586,164.284425,69.627,69.1,28.6,0.138783,0.0,0.192751,efficientdet_lite0_detection_metadata_1,0.2569
1173,586,164.431077,70.114,69.6,56.4,0.146652,0.0,0.192751,efficientdet_lite0_detection_metadata_1,0.2569
1174,587,164.48512399999998,69.627,68.6,28.6,0.146652,0.0,0.200699,efficientdet_lite0_detection_metadata_1,0.2569
1175,587,164.62114699999998,70.601,69.1,57.3,0.136023,0.0,0.200699,efficientdet_lite0_detection_metadata_1,0.2569
1176,588,164.674873,69.14,69.1,27.3,0.136023,0.0,0.189749,efficientdet_lite0_detection_metadata_1,0.2569
1177,588,164.814902,70.601,69.6,56.6,0.140029,0.0,0.189749,efficientdet_lite0_detection_metadata_1,0.2569
1178,589,164.868897,69.627,69.1,25.0,0.140029,0.0,0.194024,efficientdet_lite0_detection_metadata_1,0.2569
1179,589,165.002057,70.601,69.6,58.1,0.13316,0.0,0.194024,efficientdet_lite0_detection_metadata_1,0.2569
1180,590,165.056002,69.627,68.6,23.8,0.13316,0.0,0.187105,efficientdet_lite0_detection_metadata_1,0.2569
1181,590,165.195096,71.088,70.1,58.4,0.139094,0.0,0.187105,efficientdet_lite0_detection_metadata_1,0.2569
1182,591,165.24975600000002,70.114,69.6,25.0,0.139094,0.0661314932580915,0.193754,efficientdet_lite0_detection_metadata_1,0.2569
1183,591,165.38516400000003,71.088,68.6,57.9,0.135408,0.0661314932580915,0.193754,efficientdet_lite0_detection_metadata_1,0.2569
1184,592,165.505007,69.14,68.1,10.6,0.135408,0.0661314932580915,0.255251,efficientdet_lite0_detection_metadata_1,0.2569
1185,592,165.639991,70.114,69.1,58.1,0.134984,0.0661314932580915,0.255251,efficientdet_lite0_detection_metadata_1,0.2569
1186,593,165.760228,69.14,68.6,10.6,0.134984,0.0,0.255221,efficientdet_lite0_detection_metadata_1,0.2569
1187,593,165.899763,70.601,68.6,56.0,0.139535,0.0,0.255221,efficientdet_lite0_detection_metadata_1,0.2569
1188,594,165.95363700000001,68.653,69.6,28.6,0.139535,0.0,0.193409,efficientdet_lite0_detection_metadata_1,0.2569
1189,594,166.101211,69.14,69.1,59.5,0.147574,0.0,0.193409,efficientdet_lite0_detection_metadata_1,0.2569
1190,595,166.154951,70.601,69.1,27.3,0.147574,0.0,0.201314,efficientdet_lite0_detection_metadata_1,0.2569
1191,595,166.29103800000001,70.601,69.6,57.3,0.136087,0.0,0.201314,efficientdet_lite0_detection_metadata_1,0.2569
1192,596,166.344987,69.627,69.6,25.0,0.136087,0.0,0.190036,efficientdet_lite0_detection_metadata_1,0.2569
1193,596,166.47759200000002,71.088,69.1,58.1,0.132605,0.0,0.190036,efficientdet_lite0_detection_metadata_1,0.2569
1194,597,166.532037,69.14,70.1,28.6,0.132605,0.0661314932580915,0.18705,efficientdet_lite0_detection_metadata_1,0.2569
1195,597,166.674633,69.14,68.1,57.0,0.142596,0.0661314932580915,0.18705,efficientdet_lite0_detection_metadata_1,0.2569
1196,598,166.795771,68.653,69.6,16.0,0.142596,0.0,0.263734,efficientdet_lite0_detection_metadata_1,0.2569
1197,598,166.935885,69.627,69.1,57.3,0.140114,0.0,0.263734,efficientdet_lite0_detection_metadata_1,0.2569
1198,599,166.98941200000002,69.14,69.1,30.4,0.140114,0.0,0.193641,efficientdet_lite0_detection_metadata_1,0.2569
1199,599,167.130333,70.114,70.1,55.8,0.140921,0.0,0.193641,efficientdet_lite0_detection_metadata_1,0.2569
1200,600,167.184673,70.114,68.6,25.0,0.140921,0.0,0.195261,efficientdet_lite0_detection_metadata_1,0.2569
1201,600,167.329243,70.114,70.6,55.1,0.14457,0.0,0.195261,efficientdet_lite0_detection_metadata_1,0.2569
1202,601,167.383082,70.601,69.1,27.3,0.14457,0.0,0.198409,efficientdet_lite0_detection_metadata_1,0.2569
1203,601,167.524481,70.114,69.6,57.1,0.141399,0.0,0.198409,efficientdet_lite0_detection_metadata_1,0.2569
1204,602,167.578622,69.627,69.1,30.4,0.141399,0.0,0.19554,efficientdet_lite0_detection_metadata_1,0.2569
1205,602,167.71704,70.601,69.1,57.9,0.138418,0.0,0.19554,efficientdet_lite0_detection_metadata_1,0.2569
1206,603,167.770894,69.14,69.6,27.3,0.138418,0.0,0.192272,efficientdet_lite0_detection_metadata_1,0.2569
1207,603,167.915519,69.14,69.1,56.4,0.144625,0.0,0.192272,efficientdet_lite0_detection_metadata_1,0.2569
1208,604,167.96959999999999,69.14,69.1,23.8,0.144625,0.0,0.198706,efficientdet_lite0_detection_metadata_1,0.2569
1209,604,168.10985599999998,69.627,69.6,57.1,0.140256,0.0,0.198706,efficientdet_lite0_detection_metadata_1,0.2569
1210,605,168.163864,69.627,70.1,27.3,0.140256,0.0,0.194264,efficientdet_lite0_detection_metadata_1,0.2569
1211,605,168.30463799999998,70.114,69.6,57.3,0.140774,0.0,0.194264,efficientdet_lite0_detection_metadata_1,0.2569
1212,606,168.35878,69.627,69.6,34.6,0.140774,0.0,0.194916,efficientdet_lite0_detection_metadata_1,0.2569
1213,606,168.498635,69.627,69.1,57.9,0.139855,0.0,0.194916,efficientdet_lite0_detection_metadata_1,0.2569
1214,607,168.55238699999998,69.14,69.1,23.8,0.139855,0.0,0.193607,efficientdet_lite0_detection_metadata_1,0.2569
1215,607,168.69365499999998,69.627,69.1,57.1,0.141268,0.0,0.193607,efficientdet_lite0_detection_metadata_1,0.2569
1216,608,168.747831,69.14,69.1,27.3,0.141268,0.0,0.195444,efficientdet_lite0_detection_metadata_1,0.2569
1217,608,168.884872,69.627,69.6,56.8,0.137041,0.0,0.195444,efficientdet_lite0_detection_metadata_1,0.2569
1218,609,168.938841,69.627,70.6,28.6,0.137041,0.0,0.19101,efficientdet_lite0_detection_metadata_1,0.2569
1219,609,169.074301,70.114,69.6,58.4,0.13546,0.0,0.19101,efficientdet_lite0_detection_metadata_1,0.2569
1220,610,169.128767,69.627,68.6,27.3,0.13546,0.0,0.189926,efficientdet_lite0_detection_metadata_1,0.2569
1221,610,169.27468100000002,72.062,70.1,58.2,0.145914,0.0,0.189926,efficientdet_lite0_detection_metadata_1,0.2569
1222,611,169.328717,70.114,69.6,23.8,0.145914,0.2609314932580923,0.19995,efficientdet_lite0_detection_metadata_1,0.2569
1223,611,169.47225,69.627,70.1,56.6,0.143533,0.2609314932580923,0.19995,efficientdet_lite0_detection_metadata_1,0.2569
1224,612,169.787157,68.166,68.1,4.0,0.143533,0.0,0.45844,efficientdet_lite0_detection_metadata_1,0.2569
1225,612,169.929992,69.627,70.1,58.2,0.142835,0.0,0.45844,efficientdet_lite0_detection_metadata_1,0.2569
1226,613,169.98381700000002,70.114,68.6,33.3,0.142835,0.0,0.19666,efficientdet_lite0_detection_metadata_1,0.2569
1227,613,170.12556400000003,69.14,70.1,61.0,0.141747,0.0,0.19666,efficientdet_lite0_detection_metadata_1,0.2569
1228,614,170.179581,70.114,68.6,36.4,0.141747,0.0,0.195764,efficientdet_lite0_detection_metadata_1,0.2569
1229,614,170.309201,70.601,69.6,58.3,0.12962,0.0,0.195764,efficientdet_lite0_detection_metadata_1,0.2569
1230,615,170.36304,68.653,70.1,27.3,0.12962,0.0,0.183459,efficientdet_lite0_detection_metadata_1,0.2569
1231,615,170.49834800000002,71.088,68.6,59.2,0.135308,0.0,0.183459,efficientdet_lite0_detection_metadata_1,0.2569
1232,616,170.55242,69.627,69.1,27.3,0.135308,0.0661314932580915,0.18938,efficientdet_lite0_detection_metadata_1,0.2569
1233,616,170.696107,70.601,70.1,55.8,0.143687,0.0661314932580915,0.18938,efficientdet_lite0_detection_metadata_1,0.2569
1234,617,170.81613700000003,69.627,69.1,14.6,0.143687,0.0,0.263717,efficientdet_lite0_detection_metadata_1,0.2569
1235,617,170.952467,70.114,69.6,56.8,0.13633,0.0,0.263717,efficientdet_lite0_detection_metadata_1,0.2569
1236,618,171.00617400000002,69.627,68.6,27.3,0.13633,0.0,0.190037,efficientdet_lite0_detection_metadata_1,0.2569
1237,618,171.158768,70.114,69.1,55.0,0.152594,0.0,0.190037,efficientdet_lite0_detection_metadata_1,0.2569
1238,619,171.212623,69.14,69.6,27.3,0.152594,0.0,0.206449,efficientdet_lite0_detection_metadata_1,0.2569
1239,619,171.354657,71.088,68.6,56.6,0.142034,0.0,0.206449,efficientdet_lite0_detection_metadata_1,0.2569
1240,620,171.408614,68.653,69.1,27.3,0.142034,0.0661314932580915,0.195991,efficientdet_lite0_detection_metadata_1,0.2569
1241,620,171.550838,70.114,69.1,56.3,0.142224,0.0661314932580915,0.195991,efficientdet_lite0_detection_metadata_1,0.2569
1242,621,171.680959,69.627,68.6,12.8,0.142224,0.0,0.272345,efficientdet_lite0_detection_metadata_1,0.2569
1243,621,171.821159,69.14,69.1,55.8,0.1402,0.0,0.272345,efficientdet_lite0_detection_metadata_1,0.2569
1244,622,171.874945,69.14,69.1,28.6,0.1402,0.0,0.193986,efficientdet_lite0_detection_metadata_1,0.2569
1245,622,172.016742,69.627,68.6,55.8,0.141797,0.0,0.193986,efficientdet_lite0_detection_metadata_1,0.2569
1246,623,172.070653,68.653,68.1,27.3,0.141797,0.0,0.195708,efficientdet_lite0_detection_metadata_1,0.2569
1247,623,172.218853,70.114,69.6,55.7,0.1482,0.0,0.195708,efficientdet_lite0_detection_metadata_1,0.2569
1248,624,172.272856,69.14,70.1,27.3,0.1482,0.0,0.202203,efficientdet_lite0_detection_metadata_1,0.2569
1249,624,172.439362,70.114,69.1,57.5,0.166506,0.0,0.202203,efficientdet_lite0_detection_metadata_1,0.2569
1250,625,172.49357999999998,69.14,68.6,25.0,0.166506,0.0,0.220724,efficientdet_lite0_detection_metadata_1,0.2569
1251,625,172.630003,70.601,70.1,56.6,0.136423,0.0,0.220724,efficientdet_lite0_detection_metadata_1,0.2569
1252,626,172.68400099999997,70.114,70.1,28.6,0.136423,0.0,0.190421,efficientdet_lite0_detection_metadata_1,0.2569
1253,626,172.82396899999998,70.601,69.1,56.4,0.139968,0.0,0.190421,efficientdet_lite0_detection_metadata_1,0.2569
1254,627,172.87779299999997,69.14,68.6,25.0,0.139968,0.0,0.193792,efficientdet_lite0_detection_metadata_1,0.2569
1255,627,173.01556999999997,70.114,70.1,57.3,0.137777,0.0,0.193792,efficientdet_lite0_detection_metadata_1,0.2569
1256,628,173.06930199999996,70.114,69.6,27.3,0.137777,0.0,0.191509,efficientdet_lite0_detection_metadata_1,0.2569
1257,628,173.22240799999997,70.114,69.1,60.5,0.153106,0.0,0.191509,efficientdet_lite0_detection_metadata_1,0.2569
1258,629,173.27701699999997,69.14,69.1,27.3,0.153106,0.0,0.207715,efficientdet_lite0_detection_metadata_1,0.2569
1259,629,173.42112099999997,70.114,70.1,55.1,0.144104,0.0,0.207715,efficientdet_lite0_detection_metadata_1,0.2569
1260,630,173.47496599999997,70.114,69.1,27.3,0.144104,0.0,0.197949,efficientdet_lite0_detection_metadata_1,0.2569
1261,630,173.61560099999997,70.114,69.1,56.0,0.140635,0.0,0.197949,efficientdet_lite0_detection_metadata_1,0.2569
1262,631,173.66958299999996,68.653,69.1,28.6,0.140635,0.0,0.194617,efficientdet_lite0_detection_metadata_1,0.2569
1263,631,173.81654199999997,70.114,70.6,55.7,0.146959,0.0,0.194617,efficientdet_lite0_detection_metadata_1,0.2569
1264,632,173.87054899999995,70.601,69.6,27.3,0.146959,0.0,0.200966,efficientdet_lite0_detection_metadata_1,0.2569
1265,632,174.03158099999996,70.114,69.6,60.2,0.161032,0.0,0.200966,efficientdet_lite0_detection_metadata_1,0.2569
1266,633,174.08553799999996,69.627,69.6,27.3,0.161032,0.0,0.214989,efficientdet_lite0_detection_metadata_1,0.2569
1267,633,174.22212999999996,71.088,70.1,57.3,0.136592,0.0,0.214989,efficientdet_lite0_detection_metadata_1,0.2569
1268,634,174.27592099999995,70.114,69.1,23.8,0.136592,0.0661314932580915,0.190383,efficientdet_lite0_detection_metadata_1,0.2569
1269,634,174.42065699999995,70.601,70.1,56.4,0.144736,0.0661314932580915,0.190383,efficientdet_lite0_detection_metadata_1,0.2569
1270,635,174.54111699999996,68.653,69.6,14.3,0.144736,0.0,0.265196,efficientdet_lite0_detection_metadata_1,0.2569
1271,635,174.68492499999996,69.627,68.6,57.1,0.143808,0.0,0.265196,efficientdet_lite0_detection_metadata_1,0.2569
1272,636,174.73865799999996,68.653,69.1,23.8,0.143808,0.0,0.197541,efficientdet_lite0_detection_metadata_1,0.2569
1273,636,174.89354199999997,70.114,69.1,58.5,0.154884,0.0,0.197541,efficientdet_lite0_detection_metadata_1,0.2569
1274,637,174.94758199999995,69.14,68.6,27.3,0.154884,0.0,0.208924,efficientdet_lite0_detection_metadata_1,0.2569
1275,637,175.09064799999996,70.114,69.6,55.8,0.143066,0.0,0.208924,efficientdet_lite0_detection_metadata_1,0.2569
1276,638,175.14450599999995,69.627,69.6,27.3,0.143066,0.0,0.196924,efficientdet_lite0_detection_metadata_1,0.2569
1277,638,175.28494199999994,70.601,69.1,56.0,0.140436,0.0,0.196924,efficientdet_lite0_detection_metadata_1,0.2569
1278,639,175.33887199999995,69.14,69.6,28.6,0.140436,0.0,0.194366,efficientdet_lite0_detection_metadata_1,0.2569
1279,639,175.48219699999996,70.114,69.6,57.0,0.143325,0.0,0.194366,efficientdet_lite0_detection_metadata_1,0.2569
1280,640,175.53602699999996,69.627,70.1,25.0,0.143325,0.0,0.197155,efficientdet_lite0_detection_metadata_1,0.2569
1281,640,175.67758899999995,69.14,69.6,59.7,0.141562,0.0,0.197155,efficientdet_lite0_detection_metadata_1,0.2569
1282,641,175.73151799999997,69.627,69.6,27.3,0.141562,0.0,0.195491,efficientdet_lite0_detection_metadata_1,0.2569
1283,641,175.86868799999996,70.601,68.6,56.8,0.13717,0.0,0.195491,efficientdet_lite0_detection_metadata_1,0.2569
1284,642,175.92255599999996,68.653,69.6,30.4,0.13717,0.0,0.191038,efficientdet_lite0_detection_metadata_1,0.2569
1285,642,176.06577399999995,69.627,69.1,55.8,0.143218,0.0,0.191038,efficientdet_lite0_detection_metadata_1,0.2569
1286,643,176.11960299999996,69.14,68.1,23.8,0.143218,0.0,0.197047,efficientdet_lite0_detection_metadata_1,0.2569
1287,643,176.26326299999997,70.601,69.6,56.4,0.14366,0.0,0.197047,efficientdet_lite0_detection_metadata_1,0.2569
1288,644,176.31719399999994,69.627,69.1,25.0,0.14366,0.0,0.197591,efficientdet_lite0_detection_metadata_1,0.2569
1289,644,176.46596299999993,70.601,69.1,58.7,0.148769,0.0,0.197591,efficientdet_lite0_detection_metadata_1,0.2569
1290,645,176.51973699999994,69.14,69.6,23.8,0.148769,0.0,0.202543,efficientdet_lite0_detection_metadata_1,0.2569
1291,645,176.65270099999992,69.14,69.6,58.1,0.132964,0.0,0.202543,efficientdet_lite0_detection_metadata_1,0.2569
1292,646,176.70674799999995,69.627,69.6,28.6,0.132964,0.0,0.187011,efficientdet_lite0_detection_metadata_1,0.2569
1293,646,176.84976799999995,69.627,69.1,55.1,0.14302,0.0,0.187011,efficientdet_lite0_detection_metadata_1,0.2569
1294,647,176.90351799999993,69.14,70.1,25.0,0.14302,0.0,0.19677,efficientdet_lite0_detection_metadata_1,0.2569
1295,647,177.04127899999995,70.114,69.6,56.6,0.137761,0.0,0.19677,efficientdet_lite0_detection_metadata_1,0.2569
1296,648,177.09527299999993,69.627,69.1,23.8,0.137761,0.0,0.191755,efficientdet_lite0_detection_metadata_1,0.2569
1297,648,177.24225599999994,69.627,69.6,59.5,0.146983,0.0,0.191755,efficientdet_lite0_detection_metadata_1,0.2569
1298,649,177.29606199999992,69.627,69.1,27.3,0.146983,0.0,0.200789,efficientdet_lite0_detection_metadata_1,0.2569
1299,649,177.42959099999993,69.627,69.1,58.1,0.133529,0.0,0.200789,efficientdet_lite0_detection_metadata_1,0.2569
1300,650,177.48350299999993,69.14,70.1,28.6,0.133529,0.0,0.187441,efficientdet_lite0_detection_metadata_1,0.2569
1301,650,177.62369199999992,70.114,69.1,56.6,0.140189,0.0,0.187441,efficientdet_lite0_detection_metadata_1,0.2569
1302,651,177.67743599999991,69.14,69.6,27.3,0.140189,0.0,0.193933,efficientdet_lite0_detection_metadata_1,0.2569
1303,651,177.81546999999992,69.627,69.1,56.8,0.138034,0.0,0.193933,efficientdet_lite0_detection_metadata_1,0.2569
1304,652,177.8695999999999,69.14,68.6,23.8,0.138034,0.0,0.192164,efficientdet_lite0_detection_metadata_1,0.2569
1305,652,178.0145069999999,69.14,69.6,60.3,0.144907,0.0,0.192164,efficientdet_lite0_detection_metadata_1,0.2569
1306,653,178.0683429999999,69.627,69.6,27.3,0.144907,0.0,0.198743,efficientdet_lite0_detection_metadata_1,0.2569
1307,653,178.20178099999993,70.601,70.1,58.7,0.133438,0.0,0.198743,efficientdet_lite0_detection_metadata_1,0.2569
1308,654,178.2559719999999,70.114,69.6,28.6,0.133438,0.0,0.187629,efficientdet_lite0_detection_metadata_1,0.2569
1309,654,178.3878009999999,68.653,69.6,58.1,0.131829,0.0,0.187629,efficientdet_lite1_detection_metadata_1,0.2569
1310,655,178.4426319999999,69.627,70.1,25.0,0.131829,0.0,0.18666,efficientdet_lite1_detection_metadata_1,0.26661999999999997
1311,655,178.6763059999999,70.114,70.6,64.9,0.233674,0.0,0.18666,efficientdet_lite0_detection_metadata_1,0.26661999999999997
1312,656,178.72978599999988,70.114,69.6,30.4,0.233674,0.0,0.287154,efficientdet_lite0_detection_metadata_1,0.26661999999999997
1313,656,178.8696969999999,69.627,69.6,58.4,0.139911,0.0,0.287154,efficientdet_lite0_detection_metadata_1,0.26661999999999997
1314,657,178.92382499999988,69.627,70.1,27.3,0.139911,0.0,0.194039,efficientdet_lite0_detection_metadata_1,0.26661999999999997
1315,657,179.0589509999999,70.601,69.1,58.1,0.135126,0.0,0.194039,efficientdet_lite0_detection_metadata_1,0.26661999999999997
1316,658,179.11269099999987,69.14,71.1,30.4,0.135126,0.0,0.188866,efficientdet_lite0_detection_metadata_1,0.26661999999999997
1317,658,179.24696799999987,70.601,69.6,58.1,0.134277,0.0,0.188866,efficientdet_lite0_detection_metadata_1,0.26661999999999997
1318,659,179.30084999999988,69.627,69.1,23.8,0.134277,0.0,0.188159,efficientdet_lite0_detection_metadata_1,0.26661999999999997
1319,659,179.43822599999987,70.114,69.6,57.9,0.137376,0.0,0.188159,efficientdet_lite0_detection_metadata_1,0.26661999999999997
1320,660,179.49230499999987,69.627,69.1,27.3,0.137376,0.0,0.191455,efficientdet_lite0_detection_metadata_1,0.2569
1321,660,179.64098999999987,70.601,69.6,58.2,0.148685,0.0,0.191455,efficientdet_lite0_detection_metadata_1,0.2569
1322,661,179.69517599999986,68.653,70.1,28.6,0.148685,0.0,0.202871,efficientdet_lite0_detection_metadata_1,0.2569
1323,661,179.83398299999988,70.114,69.6,57.1,0.138807,0.0,0.202871,efficientdet_lite0_detection_metadata_1,0.2569
1324,662,179.88763999999986,70.114,70.6,28.6,0.138807,0.0,0.192464,efficientdet_lite0_detection_metadata_1,0.2569
1325,662,180.02525599999987,70.114,69.6,57.3,0.137616,0.0,0.192464,efficientdet_lite0_detection_metadata_1,0.2569
1326,663,180.07940899999986,69.627,69.6,23.8,0.137616,0.0,0.191769,efficientdet_lite0_detection_metadata_1,0.2569
1327,663,180.21703199999985,70.114,70.1,57.9,0.137623,0.0,0.191769,efficientdet_lite0_detection_metadata_1,0.2569
1328,664,180.27111399999987,70.114,68.6,25.0,0.137623,0.0,0.191705,efficientdet_lite0_detection_metadata_1,0.2569
1329,664,180.41941599999987,70.601,70.1,59.5,0.148302,0.0,0.191705,efficientdet_lite0_detection_metadata_1,0.2569
1330,665,180.47289899999987,70.114,69.6,27.3,0.148302,0.0,0.201785,efficientdet_lite0_detection_metadata_1,0.2569
1331,665,180.61831099999986,69.627,69.6,56.4,0.145412,0.0,0.201785,efficientdet_lite0_detection_metadata_1,0.2569
1332,666,180.67226399999987,69.627,69.1,27.3,0.145412,0.0,0.199365,efficientdet_lite0_detection_metadata_1,0.2569
1333,666,180.81643299999988,71.575,69.1,56.4,0.144169,0.0,0.199365,efficientdet_lite0_detection_metadata_1,0.2569
1334,667,180.87035599999987,69.14,69.1,27.3,0.144169,0.16353149325809332,0.198092,efficientdet_lite0_detection_metadata_1,0.2569
1335,667,181.01116399999987,69.627,70.1,57.1,0.140808,0.16353149325809332,0.198092,efficientdet_lite0_detection_metadata_1,0.2569
1336,668,181.22860899999986,69.14,69.1,7.0,0.140808,0.0,0.358253,efficientdet_lite0_detection_metadata_1,0.2569
1337,668,181.37266199999988,70.601,69.1,58.2,0.144053,0.0,0.358253,efficientdet_lite0_detection_metadata_1,0.2569
1338,669,181.42612699999987,69.14,68.6,23.8,0.144053,0.0,0.197518,efficientdet_lite0_detection_metadata_1,0.2569
1339,669,181.57146899999987,70.601,70.1,57.0,0.145342,0.0,0.197518,efficientdet_lite0_detection_metadata_1,0.2569
1340,670,181.62533599999986,70.114,70.1,25.0,0.145342,0.0,0.199209,efficientdet_lite0_detection_metadata_1,0.2569
1341,670,181.76588299999986,70.601,70.1,56.4,0.140547,0.0,0.199209,efficientdet_lite0_detection_metadata_1,0.2569
1342,671,181.81980799999985,70.114,69.1,27.3,0.140547,0.0,0.194472,efficientdet_lite0_detection_metadata_1,0.2569
1343,671,181.96954399999984,70.601,70.1,56.8,0.149736,0.0,0.194472,efficientdet_lite0_detection_metadata_1,0.2569
1344,672,182.02462699999984,70.114,69.6,23.8,0.149736,0.0,0.204819,efficientdet_lite0_detection_metadata_1,0.2569
1345,672,182.15781799999985,70.114,70.1,58.9,0.133191,0.0,0.204819,efficientdet_lite0_detection_metadata_1,0.2569
1346,673,182.21150399999985,70.114,68.6,27.3,0.133191,0.0,0.186877,efficientdet_lite0_detection_metadata_1,0.2569
1347,673,182.34400399999984,70.114,70.6,58.1,0.1325,0.0,0.186877,efficientdet_lite0_detection_metadata_1,0.2569
1348,674,182.39824999999985,70.601,69.1,25.0,0.1325,0.0,0.186746,efficientdet_lite0_detection_metadata_1,0.2569
1349,674,182.52958099999984,70.114,69.1,58.9,0.131331,0.0,0.186746,efficientdet_lite0_detection_metadata_1,0.2569
1350,675,182.58380199999985,69.14,70.6,27.3,0.131331,0.0,0.185552,efficientdet_lite0_detection_metadata_1,0.2569
1351,675,182.71830299999985,70.601,69.6,57.0,0.134501,0.0,0.185552,efficientdet_lite0_detection_metadata_1,0.2569
1352,676,182.78205699999984,69.627,69.6,28.6,0.134501,0.0,0.198255,efficientdet_lite0_detection_metadata_1,0.2569
1353,676,182.91742699999983,70.601,70.1,57.9,0.13537,0.0,0.198255,efficientdet_lite0_detection_metadata_1,0.2569
1354,677,182.97131699999983,70.114,69.6,27.3,0.13537,0.0,0.18926,efficientdet_lite0_detection_metadata_1,0.2569
1355,677,183.11006199999983,69.627,69.6,57.3,0.138745,0.0,0.18926,efficientdet_lite0_detection_metadata_1,0.2569
1356,678,183.16390199999984,69.627,69.6,28.6,0.138745,0.0,0.192585,efficientdet_lite0_detection_metadata_1,0.2569
1357,678,183.29855899999984,69.14,70.6,57.3,0.134657,0.0,0.192585,efficientdet_lite0_detection_metadata_1,0.2569
1358,679,183.35241599999983,70.601,68.6,28.6,0.134657,0.0,0.188514,efficientdet_lite0_detection_metadata_1,0.2569
1359,679,183.48461399999982,70.601,70.6,59.0,0.132198,0.0,0.188514,efficientdet_lite0_detection_metadata_1,0.2569
1360,680,183.54464699999983,70.601,68.6,25.0,0.132198,0.0,0.192231,efficientdet_lite0_detection_metadata_1,0.2569
1361,680,183.6795699999998,70.114,70.6,58.7,0.134923,0.0,0.192231,efficientdet_lite0_detection_metadata_1,0.2569
1362,681,183.73379399999982,70.601,68.6,26.1,0.134923,0.0,0.189147,efficientdet_lite0_detection_metadata_1,0.2569
1363,681,183.8661039999998,70.601,69.6,58.9,0.13231,0.0,0.189147,efficientdet_lite0_detection_metadata_1,0.2569
1364,682,183.92023399999982,69.627,69.6,27.3,0.13231,0.0,0.18644,efficientdet_lite0_detection_metadata_1,0.2569
1365,682,184.0507319999998,70.114,71.1,58.3,0.130498,0.0,0.18644,efficientdet_lite0_detection_metadata_1,0.2569
1366,683,184.10445399999983,71.088,69.6,23.8,0.130498,0.0,0.18422,efficientdet_lite0_detection_metadata_1,0.2569
1367,683,184.23936299999983,71.575,69.6,58.7,0.134909,0.0,0.18422,efficientdet_lite0_detection_metadata_1,0.2569
1368,684,184.29312499999983,69.627,69.6,30.4,0.134909,0.16353149325809332,0.188671,efficientdet_lite0_detection_metadata_1,0.2569
1369,684,184.43477499999983,70.601,70.1,56.6,0.14165,0.16353149325809332,0.188671,efficientdet_lite0_detection_metadata_1,0.2569
1370,685,184.65227399999984,69.14,69.1,6.9,0.14165,0.0,0.359149,efficientdet_lite0_detection_metadata_1,0.2569
1371,685,184.78807799999984,70.601,69.1,57.3,0.135804,0.0,0.359149,efficientdet_lite0_detection_metadata_1,0.2569
1372,686,184.84187099999983,69.14,68.6,28.6,0.135804,0.0,0.189597,efficientdet_lite0_detection_metadata_1,0.2569
1373,686,184.9734729999998,69.627,70.1,57.5,0.131602,0.0,0.189597,efficientdet_lite0_detection_metadata_1,0.2569
1374,687,185.02762199999984,70.114,69.1,31.8,0.131602,0.0,0.185751,efficientdet_lite0_detection_metadata_1,0.2569
1375,687,185.17433999999983,69.627,69.1,58.2,0.146718,0.0,0.185751,efficientdet_lite0_detection_metadata_1,0.2569
1376,688,185.22872399999983,69.14,70.6,28.6,0.146718,0.0,0.201102,efficientdet_lite0_detection_metadata_1,0.2569
1377,688,185.36770099999984,70.114,70.1,56.6,0.138977,0.0,0.201102,efficientdet_lite0_detection_metadata_1,0.2569
1378,689,185.42182499999984,70.114,70.1,23.8,0.138977,0.0,0.193101,efficientdet_lite0_detection_metadata_1,0.2569
1379,689,185.55720499999984,71.088,69.1,58.7,0.13538,0.0,0.193101,efficientdet_lite0_detection_metadata_1,0.2569
1380,690,185.61095899999984,69.14,69.6,23.8,0.13538,0.0661314932580915,0.189134,efficientdet_lite0_detection_metadata_1,0.2569
1381,690,185.74265899999983,70.601,69.6,57.5,0.1317,0.0661314932580915,0.189134,efficientdet_lite0_detection_metadata_1,0.2569
1382,691,185.86252699999983,69.14,69.1,12.5,0.1317,0.0,0.251568,efficientdet_lite0_detection_metadata_1,0.2569
1383,691,186.00753699999984,70.601,69.6,59.5,0.14501,0.0,0.251568,efficientdet_lite0_detection_metadata_1,0.2569
1384,692,186.06166999999982,70.114,69.6,25.0,0.14501,0.0,0.199143,efficientdet_lite0_detection_metadata_1,0.2569
1385,692,186.19307099999983,70.114,69.1,58.7,0.131401,0.0,0.199143,efficientdet_lite0_detection_metadata_1,0.2569
1386,693,186.24684899999983,69.14,68.6,25.0,0.131401,0.0,0.185179,efficientdet_lite0_detection_metadata_1,0.2569
1387,693,186.38819699999982,70.601,70.6,57.0,0.141348,0.0,0.185179,efficientdet_lite0_detection_metadata_1,0.2569
1388,694,186.44201599999982,69.627,70.6,25.0,0.141348,0.0,0.195167,efficientdet_lite0_detection_metadata_1,0.2569
1389,694,186.58021999999983,69.627,71.1,56.6,0.138204,0.0,0.195167,efficientdet_lite0_detection_metadata_1,0.2569
1390,695,186.63397199999983,71.088,69.6,25.0,0.138204,0.0,0.191956,efficientdet_lite0_detection_metadata_1,0.2569
1391,695,186.78216999999984,71.088,70.6,59.8,0.148198,0.0,0.191956,efficientdet_lite0_detection_metadata_1,0.2569
1392,696,186.83602499999984,70.601,69.1,23.8,0.148198,0.0661314932580915,0.202053,efficientdet_lite0_detection_metadata_1,0.2569
1393,696,186.96923399999983,71.088,69.1,57.5,0.133209,0.0661314932580915,0.202053,efficientdet_lite0_detection_metadata_1,0.2569
1394,697,187.08961799999983,68.653,70.1,12.5,0.133209,0.0661314932580915,0.253593,efficientdet_lite0_detection_metadata_1,0.2569
1395,697,187.23086199999983,70.601,70.1,57.1,0.141244,0.0661314932580915,0.253593,efficientdet_lite0_detection_metadata_1,0.2569
1396,698,187.35100199999982,68.653,69.1,10.6,0.141244,0.0,0.261384,efficientdet_lite0_detection_metadata_1,0.2569
1397,698,187.4948619999998,71.088,69.1,57.0,0.14386,0.0,0.261384,efficientdet_lite0_detection_metadata_1,0.2569
1398,699,187.55600999999982,69.14,70.1,30.4,0.14386,0.0661314932580915,0.205008,efficientdet_lite0_detection_metadata_1,0.2569
1399,699,187.6893989999998,69.627,69.6,58.7,0.133389,0.0661314932580915,0.205008,efficientdet_lite0_detection_metadata_1,0.2569
1400,700,187.8096269999998,70.114,70.1,12.8,0.133389,0.0,0.253617,efficientdet_lite0_detection_metadata_1,0.2569
1401,700,187.9418999999998,70.114,69.6,58.7,0.132273,0.0,0.253617,efficientdet_lite0_detection_metadata_1,0.2569
1402,701,187.9961869999998,69.627,69.1,27.3,0.132273,0.0,0.18656,efficientdet_lite0_detection_metadata_1,0.2569
1403,701,188.1378349999998,69.627,69.1,56.6,0.141648,0.0,0.18656,efficientdet_lite0_detection_metadata_1,0.2569
1404,702,188.1919059999998,69.14,70.1,27.3,0.141648,0.0,0.195719,efficientdet_lite0_detection_metadata_1,0.2569
1405,702,188.3284869999998,69.14,70.1,58.7,0.136581,0.0,0.195719,efficientdet_lite0_detection_metadata_1,0.2569
1406,703,188.38300099999978,70.114,70.1,23.8,0.136581,0.0,0.191095,efficientdet_lite0_detection_metadata_1,0.2569
1407,703,188.51686099999978,71.088,70.1,58.7,0.13386,0.0,0.191095,efficientdet_lite0_detection_metadata_1,0.2569
1408,704,188.57131599999977,70.114,70.1,30.4,0.13386,0.0661314932580915,0.188315,efficientdet_lite0_detection_metadata_1,0.2569
1409,704,188.71438899999976,70.601,70.1,55.8,0.143073,0.0661314932580915,0.188315,efficientdet_lite0_detection_metadata_1,0.2569
1410,705,188.83437399999977,69.14,69.1,10.6,0.143073,0.0,0.263058,efficientdet_lite0_detection_metadata_1,0.2569
1411,705,188.96485599999977,70.114,69.6,59.5,0.130482,0.0,0.263058,efficientdet_lite0_detection_metadata_1,0.2569
1412,706,189.01875599999977,69.627,69.1,23.8,0.130482,0.0,0.184382,efficientdet_lite0_detection_metadata_1,0.2569
1413,706,189.16180499999976,70.114,69.6,60.3,0.143049,0.0,0.184382,efficientdet_lite0_detection_metadata_1,0.2569
1414,707,189.21549299999978,69.627,69.6,23.8,0.143049,0.0,0.196737,efficientdet_lite0_detection_metadata_1,0.2569
1415,707,189.35091799999978,70.601,70.1,58.7,0.135425,0.0,0.196737,efficientdet_lite0_detection_metadata_1,0.2569
1416,708,189.40488399999978,70.114,69.6,28.6,0.135425,0.0,0.189391,efficientdet_lite0_detection_metadata_1,0.2569
1417,708,189.54504899999978,70.114,69.1,56.6,0.140165,0.0,0.189391,efficientdet_lite0_detection_metadata_1,0.2569
1418,709,189.59862399999977,69.627,69.6,27.3,0.140165,0.0,0.19374,efficientdet_lite0_detection_metadata_1,0.2569
1419,709,189.73858899999976,70.601,69.6,57.3,0.139965,0.0,0.19374,efficientdet_lite0_detection_metadata_1,0.2569
1420,710,189.79243099999977,69.627,70.1,27.3,0.139965,0.0,0.193807,efficientdet_lite0_detection_metadata_1,0.2569
1421,710,189.92881099999977,71.088,70.1,60.0,0.13638,0.0,0.193807,efficientdet_lite0_detection_metadata_1,0.2569
1422,711,189.98260199999976,70.114,69.6,27.3,0.13638,0.0661314932580915,0.190171,efficientdet_lite0_detection_metadata_1,0.2569
1423,711,190.11882799999975,70.601,70.1,58.7,0.136226,0.0661314932580915,0.190171,efficientdet_lite0_detection_metadata_1,0.2569
1424,712,190.23902499999977,68.653,69.1,10.6,0.136226,0.0,0.256423,efficientdet_lite0_detection_metadata_1,0.2569
1425,712,190.37589799999978,70.601,69.1,62.3,0.136873,0.0,0.256423,efficientdet_lite0_detection_metadata_1,0.2569
1426,713,190.43520999999978,69.14,70.1,50.0,0.136873,0.0,0.196185,efficientdet_lite0_detection_metadata_1,0.2569
1427,713,190.77398799999978,69.627,69.6,72.9,0.338778,0.0,0.196185,efficientdet_lite0_detection_metadata_1,0.2569
1428,714,190.8283999999998,69.627,68.1,23.8,0.338778,0.0,0.39319,efficientdet_lite0_detection_metadata_1,0.2569
1429,714,190.9665439999998,70.601,70.1,57.9,0.138144,0.0,0.39319,efficientdet_lite0_detection_metadata_1,0.2569
1430,715,191.0201649999998,70.114,70.1,27.3,0.138144,0.0,0.191765,efficientdet_lite0_detection_metadata_1,0.2569
1431,715,191.16095199999978,69.627,70.6,56.0,0.140787,0.0,0.191765,efficientdet_lite0_detection_metadata_1,0.2569
1432,716,191.21489599999978,70.114,68.6,27.3,0.140787,0.0,0.194731,efficientdet_lite0_detection_metadata_1,0.2569
1433,716,191.36545999999979,71.088,69.6,56.3,0.150564,0.0,0.194731,efficientdet_lite0_detection_metadata_1,0.2569
1434,717,191.41931599999978,69.627,70.1,27.3,0.150564,0.0661314932580915,0.20442,efficientdet_lite0_detection_metadata_1,0.2569
1435,717,191.5708899999998,69.627,70.6,56.2,0.151574,0.0661314932580915,0.20442,efficientdet_lite0_detection_metadata_1,0.2569
1436,718,191.69092299999977,69.14,69.6,14.3,0.151574,0.0,0.271607,efficientdet_lite0_detection_metadata_1,0.2569
1437,718,191.83391899999978,69.627,71.1,56.6,0.142996,0.0,0.271607,efficientdet_lite0_detection_metadata_1,0.2569
1438,719,191.88764099999977,71.088,70.1,27.3,0.142996,0.0,0.196718,efficientdet_lite0_detection_metadata_1,0.2569
1439,719,192.02327299999976,70.114,70.1,58.4,0.135632,0.0,0.196718,efficientdet_lite0_detection_metadata_1,0.2569
1440,720,192.07721099999978,70.114,70.1,25.0,0.135632,0.0,0.18957,efficientdet_lite0_detection_metadata_1,0.2569
1441,720,192.21803799999978,70.114,69.6,56.0,0.140827,0.0,0.18957,efficientdet_lite0_detection_metadata_1,0.2569
1442,721,192.27185099999977,69.627,69.6,23.8,0.140827,0.0,0.19464,efficientdet_lite0_detection_metadata_1,0.2569
1443,721,192.41852799999978,70.114,70.6,60.0,0.146677,0.0,0.19464,efficientdet_lite0_detection_metadata_1,0.2569
1444,722,192.47256799999977,70.601,71.1,23.8,0.146677,0.0,0.200717,efficientdet_lite0_detection_metadata_1,0.2569
1445,722,192.61089699999977,70.114,69.6,57.3,0.138329,0.0,0.200717,efficientdet_lite0_detection_metadata_1,0.2569
1446,723,192.66486899999975,69.627,69.1,23.8,0.138329,0.0,0.192301,efficientdet_lite0_detection_metadata_1,0.2569
1447,723,192.80487499999975,71.088,71.1,57.1,0.140006,0.0,0.192301,efficientdet_lite0_detection_metadata_1,0.2569
1448,724,192.85868399999976,71.088,70.6,25.0,0.140006,0.0661314932580915,0.193815,efficientdet_lite0_detection_metadata_1,0.2569
1449,724,192.99618599999977,70.114,70.1,57.7,0.137502,0.0661314932580915,0.193815,efficientdet_lite0_detection_metadata_1,0.2569
1450,725,193.11654999999976,69.627,69.1,10.6,0.137502,0.0,0.257866,efficientdet_lite0_detection_metadata_1,0.2569
1451,725,193.27417899999975,70.114,69.6,61.4,0.157629,0.0,0.257866,efficientdet_lite0_detection_metadata_1,0.2569
1452,726,193.32796999999977,69.627,68.6,27.3,0.157629,0.0,0.21142,efficientdet_lite0_detection_metadata_1,0.2569
1453,726,193.46710399999978,71.088,70.6,57.9,0.139134,0.0,0.21142,efficientdet_lite0_detection_metadata_1,0.2569
1454,727,193.52100999999976,70.601,69.6,23.8,0.139134,0.0661314932580915,0.19304,efficientdet_lite0_detection_metadata_1,0.2569
1455,727,193.66147999999976,70.114,69.1,57.7,0.14047,0.0661314932580915,0.19304,efficientdet_lite0_detection_metadata_1,0.2569
1456,728,193.78210399999978,69.627,68.6,10.6,0.14047,0.0,0.261094,efficientdet_lite0_detection_metadata_1,0.2569
1457,728,193.91393999999977,70.114,69.1,58.7,0.131836,0.0,0.261094,efficientdet_lite0_detection_metadata_1,0.2569
1458,729,193.9681139999998,69.14,70.1,41.7,0.131836,0.0,0.18601,efficientdet_lite0_detection_metadata_1,0.2569
1459,729,194.10856199999978,71.088,69.6,57.1,0.140448,0.0,0.18601,efficientdet_lite0_detection_metadata_1,0.2569
1460,730,194.1624799999998,69.627,69.1,23.8,0.140448,0.0661314932580915,0.194366,efficientdet_lite0_detection_metadata_1,0.2569
1461,730,194.3000839999998,71.088,70.1,58.4,0.137604,0.0661314932580915,0.194366,efficientdet_lite0_detection_metadata_1,0.2569
1462,731,194.4202799999998,69.627,69.6,14.3,0.137604,0.0661314932580915,0.2578,efficientdet_lite0_detection_metadata_1,0.2569
1463,731,194.56006399999978,69.14,70.6,57.1,0.139784,0.0661314932580915,0.2578,efficientdet_lite0_detection_metadata_1,0.2569
1464,732,194.6805419999998,69.14,69.6,12.5,0.139784,0.0,0.260262,efficientdet_lite0_detection_metadata_1,0.2569
1465,732,194.8459359999998,70.601,69.6,59.8,0.165394,0.0,0.260262,efficientdet_lite0_detection_metadata_1,0.2569
1466,733,194.9001119999998,69.627,69.6,25.0,0.165394,0.0,0.21957,efficientdet_lite0_detection_metadata_1,0.2569
1467,733,195.0392999999998,71.088,70.1,56.6,0.139188,0.0,0.21957,efficientdet_lite0_detection_metadata_1,0.2569
1468,734,195.0931599999998,70.114,70.1,27.3,0.139188,0.0661314932580915,0.193048,efficientdet_lite0_detection_metadata_1,0.2569
1469,734,195.2274859999998,69.627,69.6,58.1,0.134326,0.0661314932580915,0.193048,efficientdet_lite0_detection_metadata_1,0.2569
1470,735,195.34750299999982,69.627,70.1,10.6,0.134326,0.0,0.254343,efficientdet_lite0_detection_metadata_1,0.2569
1471,735,195.47809599999982,70.114,69.1,58.9,0.130593,0.0,0.254343,efficientdet_lite0_detection_metadata_1,0.2569
1472,736,195.5318979999998,70.114,69.1,23.8,0.130593,0.0,0.184395,efficientdet_lite0_detection_metadata_1,0.2569
1473,736,195.6719319999998,70.601,70.6,60.0,0.140034,0.0,0.184395,efficientdet_lite0_detection_metadata_1,0.2569
1474,737,195.7257159999998,70.601,69.1,23.8,0.140034,0.0,0.193818,efficientdet_lite0_detection_metadata_1,0.2569
1475,737,195.8646109999998,71.575,69.6,57.3,0.138895,0.0,0.193818,efficientdet_lite0_detection_metadata_1,0.2569
1476,738,195.9183049999998,69.627,70.1,27.3,0.138895,0.16353149325809332,0.192589,efficientdet_lite0_detection_metadata_1,0.2569
1477,738,196.0586619999998,71.088,70.1,58.4,0.140357,0.16353149325809332,0.192589,efficientdet_lite0_detection_metadata_1,0.2569
1478,739,196.27679799999981,68.653,68.6,5.8,0.140357,0.0661314932580915,0.358493,efficientdet_lite0_detection_metadata_1,0.2569
1479,739,196.41379299999983,71.088,69.6,59.2,0.136995,0.0661314932580915,0.358493,efficientdet_lite0_detection_metadata_1,0.2569
1480,740,196.5343449999998,69.627,69.6,12.5,0.136995,0.0661314932580915,0.257547,efficientdet_lite0_detection_metadata_1,0.2569
1481,740,196.6704079999998,70.601,70.1,58.1,0.136063,0.0661314932580915,0.257547,efficientdet_lite0_detection_metadata_1,0.2569
1482,741,196.7906569999998,69.627,70.1,14.3,0.136063,0.0,0.256312,efficientdet_lite0_detection_metadata_1,0.2569
1483,741,196.9302369999998,71.088,69.1,57.9,0.13958,0.0,0.256312,efficientdet_lite0_detection_metadata_1,0.2569
1484,742,196.9840009999998,69.14,69.6,23.8,0.13958,0.0661314932580915,0.193344,efficientdet_lite0_detection_metadata_1,0.2569
1485,742,197.12077099999982,70.601,69.1,58.7,0.13677,0.0661314932580915,0.193344,efficientdet_lite0_detection_metadata_1,0.2569
1486,743,197.2421439999998,68.653,69.1,16.0,0.13677,0.0,0.258143,efficientdet_lite0_detection_metadata_1,0.2569
1487,743,197.3810379999998,69.627,70.1,56.8,0.138894,0.0,0.258143,efficientdet_lite0_detection_metadata_1,0.2569
1488,744,197.4346849999998,70.114,70.1,27.3,0.138894,0.0,0.192541,efficientdet_lite0_detection_metadata_1,0.2569
1489,744,197.5745999999998,71.088,70.1,57.3,0.139915,0.0,0.192541,efficientdet_lite0_detection_metadata_1,0.2569
1490,745,197.6287789999998,70.114,69.6,23.8,0.139915,0.0661314932580915,0.194094,efficientdet_lite0_detection_metadata_1,0.2569
1491,745,197.7583849999998,70.601,70.1,59.7,0.129606,0.0661314932580915,0.194094,efficientdet_lite0_detection_metadata_1,0.2569
1492,746,197.8783979999998,69.14,69.6,14.3,0.129606,0.0,0.249619,efficientdet_lite0_detection_metadata_1,0.2569
1493,746,198.0188619999998,70.601,70.6,59.0,0.140464,0.0,0.249619,efficientdet_lite0_detection_metadata_1,0.2569
1494,747,198.0783969999998,70.601,69.1,23.8,0.140464,0.0,0.199999,efficientdet_lite0_detection_metadata_1,0.2569
1495,747,198.2168829999998,70.601,69.6,57.3,0.138486,0.0,0.199999,efficientdet_lite0_detection_metadata_1,0.2569
1496,748,198.2705589999998,69.627,68.6,27.3,0.138486,0.0,0.192162,efficientdet_lite0_detection_metadata_1,0.2569
1497,748,198.4077619999998,71.088,70.1,57.9,0.137203,0.0,0.192162,efficientdet_lite0_detection_metadata_1,0.2569
1498,749,198.4615439999998,70.114,69.1,25.0,0.137203,0.0661314932580915,0.190985,efficientdet_lite0_detection_metadata_1,0.2569
1499,749,198.5944449999998,70.114,70.1,58.9,0.132901,0.0661314932580915,0.190985,efficientdet_lite0_detection_metadata_1,0.2569
1500,750,198.7147039999998,69.14,69.1,14.3,0.132901,0.0,0.25316,efficientdet_lite0_detection_metadata_1,0.2569
1501,750,198.8524299999998,69.14,69.6,59.2,0.137726,0.0,0.25316,efficientdet_lite0_detection_metadata_1,0.2569
1502,751,198.90634599999981,69.627,68.6,28.6,0.137726,0.0,0.191642,efficientdet_lite0_detection_metadata_1,0.2569
1503,751,199.04422399999982,70.601,69.6,57.3,0.137878,0.0,0.191642,efficientdet_lite0_detection_metadata_1,0.2569
1504,752,199.09811199999982,69.627,69.6,23.8,0.137878,0.0,0.191766,efficientdet_lite0_detection_metadata_1,0.2569
1505,752,199.24052499999982,70.114,69.6,56.4,0.142413,0.0,0.191766,efficientdet_lite0_detection_metadata_1,0.2569
1506,753,199.29459399999982,69.627,69.1,25.0,0.142413,0.0,0.196482,efficientdet_lite0_detection_metadata_1,0.2569
1507,753,199.43203999999983,69.627,70.1,57.1,0.137446,0.0,0.196482,efficientdet_lite0_detection_metadata_1,0.2569
1508,754,199.4859459999998,70.114,69.6,28.6,0.137446,0.0,0.191352,efficientdet_lite0_detection_metadata_1,0.2569
1509,754,199.6226879999998,70.114,70.1,58.7,0.136742,0.0,0.191352,efficientdet_lite0_detection_metadata_1,0.2569
1510,755,199.67669399999983,70.114,69.6,25.0,0.136742,0.0,0.190748,efficientdet_lite0_detection_metadata_1,0.2569
1511,755,199.81606599999984,70.114,69.6,57.7,0.139372,0.0,0.190748,efficientdet_lite0_detection_metadata_1,0.2569
1512,756,199.86995299999984,69.627,70.1,28.6,0.139372,0.0,0.193259,efficientdet_lite0_detection_metadata_1,0.2569
1513,756,200.00691199999983,69.627,70.1,57.9,0.136959,0.0,0.193259,efficientdet_lite0_detection_metadata_1,0.2569
1514,757,200.06088099999985,70.114,69.6,27.3,0.136959,0.0,0.190928,efficientdet_lite0_detection_metadata_1,0.2569
1515,757,200.19428099999985,69.627,70.1,58.7,0.1334,0.0,0.190928,efficientdet_lite0_detection_metadata_1,0.2569
1516,758,200.24826699999986,70.114,68.6,28.6,0.1334,0.0,0.187386,efficientdet_lite0_detection_metadata_1,0.2569
1517,758,200.38641399999986,71.575,69.6,57.7,0.138147,0.0,0.187386,efficientdet_lite0_detection_metadata_1,0.2569
1518,759,200.44674999999987,69.627,70.6,27.3,0.138147,0.16353149325809332,0.198483,efficientdet_lite0_detection_metadata_1,0.2569
1519,759,200.57098299999987,70.601,69.6,60.6,0.124233,0.16353149325809332,0.198483,efficientdet_lite0_detection_metadata_1,0.2569
1520,760,200.78871899999987,68.166,70.1,6.9,0.124233,0.0,0.341969,efficientdet_lite0_detection_metadata_1,0.2569
1521,760,200.92521399999987,70.114,69.6,57.9,0.136495,0.0,0.341969,efficientdet_lite0_detection_metadata_1,0.2569
1522,761,200.97926099999987,69.627,69.6,27.3,0.136495,0.0,0.190542,efficientdet_lite0_detection_metadata_1,0.2569
1523,761,201.10559999999987,70.114,70.1,60.6,0.126339,0.0,0.190542,efficientdet_lite0_detection_metadata_1,0.2569
1524,762,201.15934599999986,69.627,69.1,23.8,0.126339,0.0,0.180085,efficientdet_lite0_detection_metadata_1,0.2569
1525,762,201.30781199999987,70.114,69.6,59.5,0.148466,0.0,0.180085,efficientdet_lite0_detection_metadata_1,0.2569
1526,763,201.36137399999987,69.627,69.6,27.3,0.148466,0.0,0.202028,efficientdet_lite0_detection_metadata_1,0.2569
1527,763,201.50090999999986,70.114,69.1,58.4,0.139536,0.0,0.202028,efficientdet_lite0_detection_metadata_1,0.2569
1528,764,201.55524199999988,69.14,69.1,23.8,0.139536,0.0,0.193868,efficientdet_lite0_detection_metadata_1,0.2569
1529,764,201.69293899999988,70.114,69.6,58.4,0.137697,0.0,0.193868,efficientdet_lite0_detection_metadata_1,0.2569
1530,765,201.7468799999999,69.627,69.1,23.8,0.137697,0.0,0.191638,efficientdet_lite0_detection_metadata_1,0.2569
1531,765,201.8865349999999,69.627,70.6,57.9,0.139655,0.0,0.191638,efficientdet_lite0_detection_metadata_1,0.2569
1532,766,201.9409099999999,69.627,69.1,28.6,0.139655,0.0,0.19403,efficientdet_lite0_detection_metadata_1,0.2569
1533,766,202.0838059999999,70.601,69.1,59.7,0.142896,0.0,0.19403,efficientdet_lite0_detection_metadata_1,0.2569
1534,767,202.1377049999999,69.14,69.6,30.4,0.142896,0.0,0.196795,efficientdet_lite0_detection_metadata_1,0.2569
1535,767,202.2747659999999,69.14,69.6,57.3,0.137061,0.0,0.196795,efficientdet_lite0_detection_metadata_1,0.2569
1536,768,202.32864399999988,69.627,70.1,30.4,0.137061,0.0,0.190939,efficientdet_lite0_detection_metadata_1,0.2569
1537,768,202.46291199999987,70.601,70.1,58.1,0.134268,0.0,0.190939,efficientdet_lite0_detection_metadata_1,0.2569
1538,769,202.5167249999999,70.114,70.1,27.3,0.134268,0.0,0.188081,efficientdet_lite0_detection_metadata_1,0.2569
1539,769,202.65130999999988,71.088,70.1,58.1,0.134585,0.0,0.188081,efficientdet_lite0_detection_metadata_1,0.2569
1540,770,202.7051719999999,70.114,69.1,28.6,0.134585,0.0661314932580915,0.188447,efficientdet_lite0_detection_metadata_1,0.2569
1541,770,202.85433299999988,69.627,70.6,58.2,0.149161,0.0661314932580915,0.188447,efficientdet_lite0_detection_metadata_1,0.2569
1542,771,202.9745179999999,69.627,70.6,12.2,0.149161,0.0,0.269346,efficientdet_lite0_detection_metadata_1,0.2569
1543,771,203.1118439999999,70.601,70.1,56.8,0.137326,0.0,0.269346,efficientdet_lite0_detection_metadata_1,0.2569
1544,772,203.16583999999992,70.114,69.6,31.8,0.137326,0.0,0.191322,efficientdet_lite0_detection_metadata_1,0.2569
1545,772,203.29648999999992,70.601,71.1,58.3,0.13065,0.0,0.191322,efficientdet_lite0_detection_metadata_1,0.2569
1546,773,203.35033199999992,71.088,70.1,27.3,0.13065,0.0,0.184492,efficientdet_lite0_detection_metadata_1,0.2569
1547,773,203.4830259999999,70.601,70.1,58.1,0.132694,0.0,0.184492,efficientdet_lite0_detection_metadata_1,0.2569
1548,774,203.53727499999994,70.114,69.6,27.3,0.132694,0.0,0.186943,efficientdet_lite0_detection_metadata_1,0.2569
1549,774,203.68287999999993,70.114,69.6,60.0,0.145605,0.0,0.186943,efficientdet_lite0_detection_metadata_1,0.2569
1550,775,203.73681399999992,69.627,69.6,27.3,0.145605,0.0,0.199539,efficientdet_lite0_detection_metadata_1,0.2569
1551,775,203.86815499999992,70.114,70.1,58.3,0.131341,0.0,0.199539,efficientdet_lite0_detection_metadata_1,0.2569
1552,776,203.92226799999992,70.114,69.1,27.3,0.131341,0.0,0.185454,efficientdet_lite0_detection_metadata_1,0.2569
1553,776,204.06150699999992,70.114,70.1,56.6,0.139239,0.0,0.185454,efficientdet_lite0_detection_metadata_1,0.2569
1554,777,204.11530699999992,70.601,69.6,27.3,0.139239,0.0,0.193039,efficientdet_lite0_detection_metadata_1,0.2569
1555,777,204.25464899999992,71.088,69.1,57.9,0.139342,0.0,0.193039,efficientdet_lite0_detection_metadata_1,0.2569
1556,778,204.3091019999999,69.14,70.1,23.8,0.139342,0.0661314932580915,0.193795,efficientdet_lite0_detection_metadata_1,0.2569
1557,778,204.4551909999999,69.627,69.1,60.3,0.146089,0.0661314932580915,0.193795,efficientdet_lite0_detection_metadata_1,0.2569
1558,779,204.5754459999999,69.627,69.6,12.5,0.146089,0.0,0.266344,efficientdet_lite0_detection_metadata_1,0.2569
1559,779,204.71022699999992,70.601,69.1,57.3,0.134781,0.0,0.266344,efficientdet_lite0_detection_metadata_1,0.2569
1560,780,204.7641859999999,69.14,69.1,28.6,0.134781,0.0,0.18874,efficientdet_lite0_detection_metadata_1,0.2569
1561,780,204.89754799999992,70.114,70.1,57.5,0.133362,0.0,0.18874,efficientdet_lite0_detection_metadata_1,0.2569
1562,781,204.9514889999999,70.114,69.6,30.4,0.133362,0.0,0.187303,efficientdet_lite0_detection_metadata_1,0.2569
1563,781,205.08970999999988,70.601,70.6,57.3,0.138221,0.0,0.187303,efficientdet_lite0_detection_metadata_1,0.2569
1564,782,205.1435949999999,70.601,69.6,27.3,0.138221,0.0,0.192106,efficientdet_lite0_detection_metadata_1,0.2569
1565,782,205.28449399999988,70.114,70.1,59.2,0.140899,0.0,0.192106,efficientdet_lite0_detection_metadata_1,0.2569
1566,783,205.3382899999999,70.114,69.6,27.3,0.140899,0.0,0.194695,efficientdet_lite0_detection_metadata_1,0.2569
1567,783,205.47376299999988,69.627,70.6,58.1,0.135473,0.0,0.194695,efficientdet_lite0_detection_metadata_1,0.2569
1568,784,205.5275779999999,70.601,69.6,27.3,0.135473,0.0,0.189288,efficientdet_lite0_detection_metadata_1,0.2569
1569,784,205.6665229999999,71.088,70.1,57.7,0.138945,0.0,0.189288,efficientdet_lite0_detection_metadata_1,0.2569
1570,785,205.7208169999999,70.114,70.1,28.6,0.138945,0.0661314932580915,0.193239,efficientdet_lite0_detection_metadata_1,0.2569
1571,785,205.8644699999999,70.114,69.6,56.4,0.143653,0.0661314932580915,0.193239,efficientdet_lite0_detection_metadata_1,0.2569
1572,786,205.9844459999999,69.627,69.1,14.3,0.143653,0.0,0.263629,efficientdet_lite0_detection_metadata_1,0.2569
1573,786,206.1234969999999,71.088,71.1,57.1,0.139051,0.0,0.263629,efficientdet_lite0_detection_metadata_1,0.2569
1574,787,206.17730099999991,71.088,70.1,28.6,0.139051,0.0661314932580915,0.192855,efficientdet_lite0_detection_metadata_1,0.2569
1575,787,206.31186899999992,70.114,69.6,58.1,0.134568,0.0661314932580915,0.192855,efficientdet_lite0_detection_metadata_1,0.2569
1576,788,206.4318539999999,69.627,69.6,10.4,0.134568,0.0,0.254553,efficientdet_lite0_detection_metadata_1,0.2569
1577,788,206.5691029999999,69.627,69.6,57.3,0.137249,0.0,0.254553,efficientdet_lite0_detection_metadata_1,0.2569
1578,789,206.6230139999999,69.627,69.1,28.6,0.137249,0.0,0.19116,efficientdet_lite0_detection_metadata_1,0.2569
1579,789,206.7589879999999,70.114,70.1,57.7,0.135974,0.0,0.19116,efficientdet_lite0_detection_metadata_1,0.2569
1580,790,206.8206369999999,70.114,69.6,23.8,0.135974,0.0,0.197623,efficientdet_lite0_detection_metadata_1,0.2569
1581,790,206.9520939999999,69.627,69.6,58.9,0.131457,0.0,0.197623,efficientdet_lite0_detection_metadata_1,0.2569
1582,791,207.0060719999999,69.627,69.6,25.0,0.131457,0.0,0.185435,efficientdet_lite0_detection_metadata_1,0.2569
1583,791,207.1412409999999,70.601,70.6,57.9,0.135169,0.0,0.185435,efficientdet_lite0_detection_metadata_1,0.2569
1584,792,207.1951119999999,70.601,69.6,28.6,0.135169,0.0,0.18904,efficientdet_lite0_detection_metadata_1,0.2569
1585,792,207.3302319999999,69.14,69.6,57.3,0.13512,0.0,0.18904,efficientdet_lite0_detection_metadata_1,0.2569
1586,793,207.3838519999999,69.627,69.6,27.3,0.13512,0.0,0.18874,efficientdet_lite0_detection_metadata_1,0.2569
1587,793,207.51625399999992,70.601,70.1,58.9,0.132402,0.0,0.18874,efficientdet_lite0_detection_metadata_1,0.2569
1588,794,207.5702979999999,70.114,70.6,30.4,0.132402,0.0,0.186446,efficientdet_lite0_detection_metadata_1,0.2569
1589,794,207.7049699999999,71.088,69.1,58.7,0.134672,0.0,0.186446,efficientdet_lite0_detection_metadata_1,0.2569
1590,795,207.7588779999999,69.14,69.6,23.8,0.134672,0.0661314932580915,0.18858,efficientdet_lite0_detection_metadata_1,0.2569
1591,795,207.8923349999999,70.601,68.6,57.5,0.133457,0.0661314932580915,0.18858,efficientdet_lite0_detection_metadata_1,0.2569
1592,796,208.0123879999999,69.14,70.1,10.6,0.133457,0.0,0.25351,efficientdet_lite0_detection_metadata_1,0.2569
1593,796,208.1461869999999,70.601,69.6,58.1,0.133799,0.0,0.25351,efficientdet_lite0_detection_metadata_1,0.2569
1594,797,208.2001299999999,69.627,68.6,25.0,0.133799,0.0,0.187742,efficientdet_lite0_detection_metadata_1,0.2569
1595,797,208.32765499999988,69.627,70.6,60.5,0.127525,0.0,0.187742,efficientdet_lite0_detection_metadata_1,0.2569
1596,798,208.38863299999988,70.601,70.6,23.8,0.127525,0.0,0.188503,efficientdet_lite0_detection_metadata_1,0.2569
1597,798,208.5184929999999,70.114,69.6,58.9,0.12986,0.0,0.188503,efficientdet_lite0_detection_metadata_1,0.2569
1598,799,208.5725719999999,70.114,69.1,23.8,0.12986,0.0,0.183939,efficientdet_lite0_detection_metadata_1,0.2569
1599,799,208.7164419999999,70.114,70.1,55.8,0.14387,0.0,0.183939,efficientdet_lite0_detection_metadata_1,0.2569
1600,800,208.7705429999999,70.114,69.6,28.6,0.14387,0.0,0.197971,efficientdet_lite0_detection_metadata_1,0.2569
1601,800,208.9132119999999,70.601,71.5,55.8,0.142669,0.0,0.197971,efficientdet_lite0_detection_metadata_1,0.2569
1602,801,208.9671569999999,71.575,69.6,30.4,0.142669,0.0,0.196614,efficientdet_lite0_detection_metadata_1,0.2569
1603,801,209.1070039999999,70.114,69.6,57.0,0.139847,0.0,0.196614,efficientdet_lite0_detection_metadata_1,0.2569
1604,802,209.1686999999999,69.627,68.6,21.1,0.139847,0.0,0.201543,efficientdet_lite0_detection_metadata_1,0.2569
1605,802,209.3088629999999,70.114,69.1,57.1,0.140163,0.0,0.201543,efficientdet_lite0_detection_metadata_1,0.2569
1606,803,209.36240799999987,69.14,69.1,27.3,0.140163,0.0,0.193708,efficientdet_lite0_detection_metadata_1,0.2569
1607,803,209.50151699999986,70.114,69.6,57.3,0.139109,0.0,0.193708,efficientdet_lite0_detection_metadata_1,0.2569
1608,804,209.55569799999986,69.627,70.6,20.0,0.139109,0.0,0.19329,efficientdet_lite0_detection_metadata_1,0.2569
1609,804,209.69898099999986,69.627,69.1,55.8,0.143283,0.0,0.19329,efficientdet_lite0_detection_metadata_1,0.2569
1610,805,209.75302099999988,69.14,68.6,30.4,0.143283,0.0,0.197323,efficientdet_lite0_detection_metadata_1,0.2569
1611,805,209.88984899999988,70.114,70.1,57.5,0.136828,0.0,0.197323,efficientdet_lite0_detection_metadata_1,0.2569
1612,806,209.94391399999986,70.114,69.6,30.4,0.136828,0.0,0.190893,efficientdet_lite0_detection_metadata_1,0.2569
1613,806,210.08116999999987,69.627,70.1,57.3,0.137256,0.0,0.190893,efficientdet_lite0_detection_metadata_1,0.2569
1614,807,210.13514299999986,70.114,70.1,30.4,0.137256,0.0,0.191229,efficientdet_lite0_detection_metadata_1,0.2569
1615,807,210.27994299999986,71.088,69.1,55.1,0.1448,0.0,0.191229,efficientdet_lite0_detection_metadata_1,0.2569
1616,808,210.33392599999985,69.14,70.1,25.0,0.1448,0.0661314932580915,0.198783,efficientdet_lite0_detection_metadata_1,0.2569
1617,808,210.48101799999984,71.088,69.1,55.0,0.147092,0.0661314932580915,0.198783,efficientdet_lite0_detection_metadata_1,0.2569
1618,809,210.60155999999984,68.653,70.1,10.6,0.147092,0.0661314932580915,0.267634,efficientdet_lite0_detection_metadata_1,0.2569
1619,809,210.75018199999982,70.601,69.6,57.0,0.148622,0.0661314932580915,0.267634,efficientdet_lite0_detection_metadata_1,0.2569
1620,810,210.87116999999984,69.627,70.1,14.3,0.148622,0.0,0.26961,efficientdet_lite0_detection_metadata_1,0.2569
1621,810,211.00990299999984,69.627,70.6,57.3,0.138733,0.0,0.26961,efficientdet_lite0_detection_metadata_1,0.2569
1622,811,211.06377899999984,70.114,69.6,30.4,0.138733,0.0,0.192609,efficientdet_lite0_detection_metadata_1,0.2569
1623,811,211.20972899999984,69.627,70.1,55.7,0.14595,0.0,0.192609,efficientdet_lite0_detection_metadata_1,0.2569
1624,812,211.26372199999983,70.114,70.1,28.6,0.14595,0.0,0.199943,efficientdet_lite0_detection_metadata_1,0.2569
1625,812,211.40582299999983,69.14,69.6,55.8,0.142101,0.0,0.199943,efficientdet_lite0_detection_metadata_1,0.2569
1626,813,211.45994399999984,69.627,69.1,31.8,0.142101,0.0,0.196222,efficientdet_lite0_detection_metadata_1,0.2569
1627,813,211.61159299999983,70.601,70.1,57.8,0.151649,0.0,0.196222,efficientdet_lite0_detection_metadata_1,0.2569
1628,814,211.66608799999983,70.114,69.6,23.8,0.151649,0.0,0.206144,efficientdet_lite0_detection_metadata_1,0.2569
1629,814,211.80911299999983,70.114,68.6,56.6,0.143025,0.0,0.206144,efficientdet_lite0_detection_metadata_1,0.2569
1630,815,211.86323099999984,68.653,69.6,23.8,0.143025,0.0,0.197143,efficientdet_lite0_detection_metadata_1,0.2569
1631,815,212.00924599999985,70.114,69.1,55.1,0.146015,0.0,0.197143,efficientdet_lite0_detection_metadata_1,0.2569
1632,816,212.06306799999984,69.14,69.6,25.0,0.146015,0.0,0.199837,efficientdet_lite0_detection_metadata_1,0.2569
1633,816,212.20372699999984,70.114,69.6,56.4,0.140659,0.0,0.199837,efficientdet_lite0_detection_metadata_1,0.2569
1634,817,212.25752999999983,69.627,68.6,25.0,0.140659,0.0,0.194462,efficientdet_lite0_detection_metadata_1,0.2569
1635,817,212.40785899999983,70.114,69.6,58.5,0.150329,0.0,0.194462,efficientdet_lite0_detection_metadata_1,0.2569
1636,818,212.46205499999982,69.627,70.1,23.8,0.150329,0.0,0.204525,efficientdet_lite0_detection_metadata_1,0.2569
1637,818,212.59181199999983,70.601,70.1,58.9,0.129757,0.0,0.204525,efficientdet_lite0_detection_metadata_1,0.2569
1638,819,212.64570699999982,70.114,69.6,25.0,0.129757,0.0,0.183652,efficientdet_lite0_detection_metadata_1,0.2569
1639,819,212.78833099999983,71.088,69.1,56.4,0.142624,0.0,0.183652,efficientdet_lite0_detection_metadata_1,0.2569
1640,820,212.84203099999982,69.627,70.1,28.6,0.142624,0.0661314932580915,0.196324,efficientdet_lite0_detection_metadata_1,0.2569
1641,820,212.98379999999983,70.601,69.6,57.1,0.141769,0.0661314932580915,0.196324,efficientdet_lite0_detection_metadata_1,0.2569
1642,821,213.1038439999998,70.114,69.6,12.5,0.141769,0.0,0.261813,efficientdet_lite0_detection_metadata_1,0.2569
1643,821,213.2461019999998,69.14,70.6,57.9,0.142258,0.0,0.261813,efficientdet_lite0_detection_metadata_1,0.2569
1644,822,213.29973999999982,70.601,70.6,27.3,0.142258,0.0,0.195896,efficientdet_lite0_detection_metadata_1,0.2569
1645,822,213.43717899999982,70.601,70.1,58.4,0.137439,0.0,0.195896,efficientdet_lite0_detection_metadata_1,0.2569
1646,823,213.49109899999982,70.114,69.6,25.0,0.137439,0.0,0.191359,efficientdet_lite0_detection_metadata_1,0.2569
1647,823,213.6328419999998,70.114,69.6,57.7,0.141743,0.0,0.191359,efficientdet_lite0_detection_metadata_1,0.2569
1648,824,213.6866739999998,69.627,69.6,23.8,0.141743,0.0,0.195575,efficientdet_lite0_detection_metadata_1,0.2569
1649,824,213.82652099999981,69.627,70.1,56.6,0.139847,0.0,0.195575,efficientdet_lite0_detection_metadata_1,0.2569
1650,825,213.88024999999982,69.627,69.1,25.0,0.139847,0.0,0.193576,efficientdet_lite0_detection_metadata_1,0.2569
1651,825,214.0304039999998,70.601,70.1,58.5,0.150154,0.0,0.193576,efficientdet_lite0_detection_metadata_1,0.2569
1652,826,214.08426999999983,70.114,69.6,28.6,0.150154,0.0,0.20402,efficientdet_lite0_detection_metadata_1,0.2569
1653,826,214.22371699999982,70.601,70.1,57.9,0.139447,0.0,0.20402,efficientdet_lite0_detection_metadata_1,0.2569
1654,827,214.27744299999983,70.114,69.6,27.3,0.139447,0.0,0.193173,efficientdet_lite0_detection_metadata_1,0.2569
1655,827,214.40520399999983,70.601,69.6,60.3,0.127761,0.0,0.193173,efficientdet_lite0_detection_metadata_1,0.2569
1656,828,214.45901499999982,69.627,70.1,23.8,0.127761,0.0,0.181572,efficientdet_lite0_detection_metadata_1,0.2569
1657,828,214.59263799999982,71.575,69.6,60.0,0.133623,0.0,0.181572,efficientdet_lite0_detection_metadata_1,0.2569
1658,829,214.64710799999983,69.627,69.1,23.8,0.133623,0.16353149325809332,0.188093,efficientdet_lite0_detection_metadata_1,0.2569
1659,829,214.80177799999984,71.088,70.1,58.0,0.15467,0.16353149325809332,0.188093,efficientdet_lite0_detection_metadata_1,0.2569
1660,830,215.01965399999983,69.14,69.6,5.8,0.15467,0.0661314932580915,0.372546,efficientdet_lite0_detection_metadata_1,0.2569
1661,830,215.15947299999982,70.114,69.1,57.3,0.139819,0.0661314932580915,0.372546,efficientdet_lite0_detection_metadata_1,0.2569
1662,831,215.27965399999982,69.14,69.1,10.6,0.139819,0.0,0.26,efficientdet_lite0_detection_metadata_1,0.2569
1663,831,215.41893899999982,70.601,69.6,56.6,0.139285,0.0,0.26,efficientdet_lite0_detection_metadata_1,0.2569
1664,832,215.47312999999983,70.114,69.6,27.3,0.139285,0.0,0.193476,efficientdet_lite0_detection_metadata_1,0.2569
1665,832,215.62633699999984,69.14,69.6,57.3,0.153207,0.0,0.193476,efficientdet_lite0_detection_metadata_1,0.2569
1666,833,215.68116499999982,69.627,68.6,28.6,0.153207,0.0,0.208035,efficientdet_lite0_detection_metadata_1,0.2569
1667,833,215.8273669999998,70.114,69.6,55.7,0.146202,0.0,0.208035,efficientdet_lite0_detection_metadata_1,0.2569
1668,834,215.88129399999983,69.627,69.6,31.8,0.146202,0.0,0.200129,efficientdet_lite0_detection_metadata_1,0.2569
1669,834,216.02340099999984,70.601,71.5,56.4,0.142107,0.0,0.200129,efficientdet_lite0_detection_metadata_1,0.2569
1670,835,216.07721599999982,71.575,70.1,28.6,0.142107,0.0,0.195922,efficientdet_lite0_detection_metadata_1,0.2569
1671,835,216.21893599999981,71.575,69.6,55.8,0.14172,0.0,0.195922,efficientdet_lite0_detection_metadata_1,0.2569
1672,836,216.27305499999983,69.627,70.1,27.3,0.14172,0.16353149325809332,0.195839,efficientdet_lite0_detection_metadata_1,0.2569
1673,836,216.42620899999983,71.575,70.6,58.7,0.153154,0.16353149325809332,0.195839,efficientdet_lite0_detection_metadata_1,0.2569
1674,837,216.64373599999982,68.653,69.1,6.9,0.153154,0.16353149325809332,0.370681,efficientdet_lite0_detection_metadata_1,0.2569
1675,837,216.7890689999998,70.601,70.1,55.7,0.145333,0.16353149325809332,0.370681,efficientdet_lite0_detection_metadata_1,0.2569
1676,838,217.00691599999982,68.653,69.1,5.8,0.145333,0.0,0.36318,efficientdet_lite0_detection_metadata_1,0.2569
1677,838,217.1498189999998,70.601,68.6,57.1,0.142903,0.0,0.36318,efficientdet_lite0_detection_metadata_1,0.2569
1678,839,217.20364499999982,68.653,70.6,33.3,0.142903,0.0,0.196729,efficientdet_lite0_detection_metadata_1,0.2569
1679,839,217.34430399999982,70.114,69.1,56.6,0.140659,0.0,0.196729,efficientdet_lite0_detection_metadata_1,0.2569
1680,840,217.39825999999982,69.14,68.6,27.3,0.140659,0.0,0.194615,efficientdet_lite0_detection_metadata_1,0.2569
1681,840,217.5324059999998,71.088,69.6,56.2,0.134146,0.0,0.194615,efficientdet_lite0_detection_metadata_1,0.2569
1682,841,217.58670899999981,69.627,69.6,31.8,0.134146,0.0661314932580915,0.188449,efficientdet_lite0_detection_metadata_1,0.2569
1683,841,217.72751399999981,71.575,70.6,55.8,0.140805,0.0661314932580915,0.188449,efficientdet_lite0_detection_metadata_1,0.2569
1684,842,217.84791999999982,69.14,69.1,10.6,0.140805,0.16353149325809332,0.261211,efficientdet_lite0_detection_metadata_1,0.2569
1685,842,217.98926099999983,70.114,69.1,58.2,0.141341,0.16353149325809332,0.261211,efficientdet_lite0_detection_metadata_1,0.2569
1686,843,218.21368799999982,69.627,68.1,5.8,0.141341,0.0,0.365768,efficientdet_lite0_detection_metadata_1,0.2569
1687,843,218.35743799999983,71.088,69.1,56.4,0.14375,0.0,0.365768,efficientdet_lite0_detection_metadata_1,0.2569
1688,844,218.4113359999998,69.14,69.6,28.6,0.14375,0.0661314932580915,0.197648,efficientdet_lite0_detection_metadata_1,0.2569
1689,844,218.5504899999998,70.114,69.6,57.1,0.139154,0.0661314932580915,0.197648,efficientdet_lite0_detection_metadata_1,0.2569
1690,845,218.6707389999998,69.627,69.1,12.5,0.139154,0.0,0.259403,efficientdet_lite0_detection_metadata_1,0.2569
1691,845,218.8016479999998,70.601,70.1,58.3,0.130909,0.0,0.259403,efficientdet_lite0_detection_metadata_1,0.2569
1692,846,218.8558339999998,70.114,69.1,29.2,0.130909,0.0,0.185095,efficientdet_lite0_detection_metadata_1,0.2569
1693,846,219.00979199999978,70.601,70.1,55.0,0.153958,0.0,0.185095,efficientdet_lite0_detection_metadata_1,0.2569
1694,847,219.0637039999998,70.114,68.6,27.3,0.153958,0.0,0.20787,efficientdet_lite0_detection_metadata_1,0.2569
1695,847,219.2038869999998,69.627,69.6,56.6,0.140183,0.0,0.20787,efficientdet_lite0_detection_metadata_1,0.2569
1696,848,219.2576099999998,69.627,70.1,27.3,0.140183,0.0,0.193906,efficientdet_lite0_detection_metadata_1,0.2569
1697,848,219.3973589999998,71.088,68.6,56.6,0.139749,0.0,0.193906,efficientdet_lite0_detection_metadata_1,0.2569
1698,849,219.4512659999998,68.653,69.1,23.8,0.139749,0.0661314932580915,0.193656,efficientdet_lite0_detection_metadata_1,0.2569
1699,849,219.5913669999998,71.088,70.6,57.1,0.140101,0.0661314932580915,0.193656,efficientdet_lite0_detection_metadata_1,0.2569
1700,850,219.71521999999982,70.114,69.6,10.9,0.140101,0.0661314932580915,0.263954,efficientdet_lite0_detection_metadata_1,0.2569
1701,850,219.8489689999998,71.575,70.1,58.7,0.133749,0.0661314932580915,0.263954,efficientdet_lite0_detection_metadata_1,0.2569
1702,851,219.9691859999998,70.114,69.1,12.2,0.133749,0.16353149325809332,0.253966,efficientdet_lite0_detection_metadata_1,0.2569
1703,851,220.1083839999998,70.114,70.1,57.3,0.139198,0.16353149325809332,0.253966,efficientdet_lite0_detection_metadata_1,0.2569
1704,852,220.3257689999998,68.166,70.6,6.8,0.139198,0.0,0.356583,efficientdet_lite0_detection_metadata_1,0.2569
1705,852,220.4660319999998,69.627,69.6,59.3,0.140263,0.0,0.356583,efficientdet_lite0_detection_metadata_1,0.2569
1706,853,220.5358159999998,69.627,68.6,31.8,0.140263,0.0,0.210047,efficientdet_lite0_detection_metadata_1,0.2569
1707,853,220.67739599999982,69.627,68.6,57.7,0.14158,0.0,0.210047,efficientdet_lite0_detection_metadata_1,0.2569
1708,854,220.73105999999981,68.653,69.6,23.8,0.14158,0.0,0.195244,efficientdet_lite0_detection_metadata_1,0.2569
1709,854,220.8635149999998,70.114,69.6,58.3,0.132455,0.0,0.195244,efficientdet_lite0_detection_metadata_1,0.2569
1710,855,220.91743199999982,69.627,69.1,27.3,0.132455,0.0,0.186372,efficientdet_lite0_detection_metadata_1,0.2569
1711,855,221.0507429999998,70.114,70.6,58.1,0.133311,0.0,0.186372,efficientdet_lite0_detection_metadata_1,0.2569
1712,856,221.10487799999981,70.601,70.1,27.3,0.133311,0.0,0.187446,efficientdet_lite0_detection_metadata_1,0.2569
1713,856,221.23687799999982,70.601,70.1,58.7,0.132,0.0,0.187446,efficientdet_lite0_detection_metadata_1,0.2569
1714,857,221.2981579999998,70.114,69.6,44.0,0.132,0.0,0.19328,efficientdet_lite0_detection_metadata_1,0.2569
1715,857,221.4373099999998,70.114,70.1,57.1,0.139152,0.0,0.19328,efficientdet_lite0_detection_metadata_1,0.2569
1716,858,221.4912439999998,70.114,70.6,23.8,0.139152,0.0,0.193086,efficientdet_lite0_detection_metadata_1,0.2569
1717,858,221.63261599999979,70.114,69.6,57.1,0.141372,0.0,0.193086,efficientdet_lite0_detection_metadata_1,0.2569
1718,859,221.6864649999998,69.627,70.6,27.3,0.141372,0.0,0.195221,efficientdet_lite0_detection_metadata_1,0.2569
1719,859,221.8250679999998,70.114,69.1,57.3,0.138603,0.0,0.195221,efficientdet_lite0_detection_metadata_1,0.2569
1720,860,221.8789549999998,69.14,68.6,30.4,0.138603,0.0,0.19249,efficientdet_lite0_detection_metadata_1,0.2569
1721,860,222.0116969999998,70.601,70.6,57.5,0.132742,0.0,0.19249,efficientdet_lite0_detection_metadata_1,0.2569
1722,861,222.0703479999998,70.114,69.6,46.2,0.132742,0.0,0.191393,efficientdet_lite0_detection_metadata_1,0.2569
1723,861,222.2109179999998,71.088,70.1,55.8,0.14057,0.0,0.191393,efficientdet_lite0_detection_metadata_1,0.2569
1724,862,222.2644589999998,70.114,70.1,25.0,0.14057,0.0661314932580915,0.194111,efficientdet_lite0_detection_metadata_1,0.2569
1725,862,222.40059499999978,70.114,70.6,57.9,0.136136,0.0661314932580915,0.194111,efficientdet_lite0_detection_metadata_1,0.2569
1726,863,222.52065299999978,69.627,68.6,10.6,0.136136,0.0,0.256194,efficientdet_lite0_detection_metadata_1,0.2569
1727,863,222.66192199999978,69.627,70.1,57.0,0.141269,0.0,0.256194,efficientdet_lite0_detection_metadata_1,0.2569
1728,864,222.71586699999978,70.114,69.6,25.0,0.141269,0.0,0.195214,efficientdet_lite0_detection_metadata_1,0.2569
1729,864,222.85543499999977,70.114,69.6,57.9,0.139568,0.0,0.195214,efficientdet_lite0_detection_metadata_1,0.2569
1730,865,222.91053399999979,69.627,69.1,30.4,0.139568,0.0,0.194667,efficientdet_lite0_detection_metadata_1,0.2569
1731,865,223.0426879999998,71.088,70.1,56.9,0.132154,0.0,0.194667,efficientdet_lite0_detection_metadata_1,0.2569
1732,866,223.0965669999998,70.114,69.6,25.0,0.132154,0.0661314932580915,0.186033,efficientdet_lite0_detection_metadata_1,0.2569
1733,866,223.2445609999998,70.114,70.1,54.4,0.147994,0.0661314932580915,0.186033,efficientdet_lite0_detection_metadata_1,0.2569
1734,867,223.3646409999998,69.627,69.1,10.4,0.147994,0.0,0.268074,efficientdet_lite0_detection_metadata_1,0.2569
1735,867,223.5149189999998,71.088,69.6,55.7,0.150278,0.0,0.268074,efficientdet_lite0_detection_metadata_1,0.2569
1736,868,223.5689979999998,69.627,69.6,27.3,0.150278,0.0661314932580915,0.204357,efficientdet_lite0_detection_metadata_1,0.2569
1737,868,223.7132159999998,71.088,69.1,60.8,0.144218,0.0661314932580915,0.204357,efficientdet_lite0_detection_metadata_1,0.2569
1738,869,223.83365899999978,69.627,69.6,8.7,0.144218,0.0661314932580915,0.264661,efficientdet_lite0_detection_metadata_1,0.2569
1739,869,223.97248499999978,70.601,69.1,57.1,0.138826,0.0661314932580915,0.264661,efficientdet_lite0_detection_metadata_1,0.2569
1740,870,224.0925919999998,69.14,70.6,10.6,0.138826,0.0,0.258933,efficientdet_lite0_detection_metadata_1,0.2569
1741,870,224.2285459999998,70.601,70.1,57.3,0.135954,0.0,0.258933,efficientdet_lite0_detection_metadata_1,0.2569
1742,871,224.2825019999998,70.114,70.1,28.6,0.135954,0.0,0.18991,efficientdet_lite0_detection_metadata_1,0.2569
1743,871,224.4119009999998,69.627,71.1,58.9,0.129399,0.0,0.18991,efficientdet_lite0_detection_metadata_1,0.2569
1744,872,224.4659559999998,71.088,69.6,33.3,0.129399,0.0,0.183454,efficientdet_lite0_detection_metadata_1,0.2569
1745,872,224.6004959999998,70.114,69.6,58.7,0.13454,0.0,0.183454,efficientdet_lite0_detection_metadata_1,0.2569
1746,873,224.6545419999998,69.627,69.1,23.8,0.13454,0.0,0.188586,efficientdet_lite0_detection_metadata_1,0.2569
1747,873,224.78994799999978,70.114,70.1,58.1,0.135406,0.0,0.188586,efficientdet_lite0_detection_metadata_1,0.2569
1748,874,224.8437779999998,70.114,70.6,27.3,0.135406,0.0,0.189236,efficientdet_lite0_detection_metadata_1,0.2569
1749,874,224.9832719999998,70.601,70.6,56.6,0.139494,0.0,0.189236,efficientdet_lite0_detection_metadata_1,0.2569
1750,875,225.03705399999978,70.601,69.6,31.8,0.139494,0.0,0.193276,efficientdet_lite0_detection_metadata_1,0.2569
1751,875,225.1674679999998,70.114,70.1,58.3,0.130414,0.0,0.193276,efficientdet_lite0_detection_metadata_1,0.2569
1752,876,225.22146299999977,70.114,70.6,29.2,0.130414,0.0,0.184409,efficientdet_lite0_detection_metadata_1,0.2569
1753,876,225.36204599999976,69.627,69.6,59.0,0.140583,0.0,0.184409,efficientdet_lite0_detection_metadata_1,0.2569
1754,877,225.41589899999977,69.627,69.6,27.3,0.140583,0.0,0.194436,efficientdet_lite0_detection_metadata_1,0.2569
1755,877,225.54516999999976,70.601,70.1,59.7,0.129271,0.0,0.194436,efficientdet_lite0_detection_metadata_1,0.2569
1756,878,225.59908199999978,70.114,70.1,27.3,0.129271,0.0,0.183183,efficientdet_lite0_detection_metadata_1,0.2569
1757,878,225.73172799999978,71.088,69.6,58.7,0.132646,0.0,0.183183,efficientdet_lite0_detection_metadata_1,0.2569
1758,879,225.78579299999979,69.627,71.1,21.1,0.132646,0.0661314932580915,0.186711,efficientdet_lite0_detection_metadata_1,0.2569
1759,879,225.92988999999977,70.601,70.1,55.8,0.144097,0.0661314932580915,0.186711,efficientdet_lite0_detection_metadata_1,0.2569
1760,880,226.04967799999977,69.627,69.1,16.0,0.144097,0.0,0.263885,efficientdet_lite0_detection_metadata_1,0.2569
1761,880,226.18729299999978,71.088,70.1,57.3,0.137615,0.0,0.263885,efficientdet_lite0_detection_metadata_1,0.2569
1762,881,226.24127599999977,70.114,69.6,27.3,0.137615,0.0661314932580915,0.191598,efficientdet_lite0_detection_metadata_1,0.2569
1763,881,226.37999599999978,69.627,69.6,56.6,0.13872,0.0661314932580915,0.191598,efficientdet_lite0_detection_metadata_1,0.2569
1764,882,226.50062399999976,69.627,70.1,12.5,0.13872,0.0,0.259348,efficientdet_lite0_detection_metadata_1,0.2569
1765,882,226.63932399999976,71.575,70.1,57.3,0.1387,0.0,0.259348,efficientdet_lite0_detection_metadata_1,0.2569
1766,883,226.69295599999975,70.114,71.1,23.8,0.1387,0.16353149325809332,0.192332,efficientdet_lite0_detection_metadata_1,0.2569
1767,883,226.82722399999975,69.627,69.6,60.3,0.134268,0.16353149325809332,0.192332,efficientdet_lite0_detection_metadata_1,0.2569
1768,884,227.05054799999976,68.653,68.6,8.0,0.134268,0.0,0.357592,efficientdet_lite0_detection_metadata_1,0.2569
1769,884,227.19035599999975,69.627,69.6,57.3,0.139808,0.0,0.357592,efficientdet_lite0_detection_metadata_1,0.2569
1770,885,227.24433599999978,69.627,69.6,27.3,0.139808,0.0,0.193788,efficientdet_lite0_detection_metadata_1,0.2569
1771,885,227.38537699999978,69.627,69.1,56.6,0.141041,0.0,0.193788,efficientdet_lite0_detection_metadata_1,0.2569
1772,886,227.43932099999978,69.14,69.1,27.3,0.141041,0.0,0.194985,efficientdet_lite0_detection_metadata_1,0.2569
1773,886,227.5867409999998,69.14,70.1,59.7,0.14742,0.0,0.194985,efficientdet_lite0_detection_metadata_1,0.2569
1774,887,227.64356299999977,70.114,69.6,33.3,0.14742,0.0,0.204242,efficientdet_lite0_detection_metadata_1,0.2569
1775,887,227.7748389999998,70.114,70.1,59.2,0.131276,0.0,0.204242,efficientdet_lite0_detection_metadata_1,0.2569
1776,888,227.82870799999978,70.114,69.6,27.3,0.131276,0.0,0.185145,efficientdet_lite0_detection_metadata_1,0.2569
1777,888,227.96594699999977,70.601,69.6,56.8,0.137239,0.0,0.185145,efficientdet_lite0_detection_metadata_1,0.2569
1778,889,228.01971399999977,69.627,70.6,23.8,0.137239,0.0,0.191006,efficientdet_lite0_detection_metadata_1,0.2569
1779,889,228.15777699999975,69.627,69.6,58.4,0.138063,0.0,0.191006,efficientdet_lite0_detection_metadata_1,0.2569
1780,890,228.21165499999978,69.627,68.6,20.0,0.138063,0.0,0.191941,efficientdet_lite0_detection_metadata_1,0.2569
1781,890,228.34247899999977,70.601,70.1,59.5,0.130824,0.0,0.191941,efficientdet_lite0_detection_metadata_1,0.2569
1782,891,228.39647999999977,70.601,71.1,23.8,0.130824,0.0,0.184825,efficientdet_lite0_detection_metadata_1,0.2569
1783,891,228.53998999999976,69.627,70.6,60.3,0.14351,0.0,0.184825,efficientdet_lite0_detection_metadata_1,0.2569
1784,892,228.59422199999977,70.601,70.1,30.4,0.14351,0.0,0.197742,efficientdet_lite0_detection_metadata_1,0.2569
1785,892,228.73005199999977,69.627,71.1,58.1,0.13583,0.0,0.197742,efficientdet_lite0_detection_metadata_1,0.2569
1786,893,228.78405999999978,71.088,70.6,23.8,0.13583,0.0,0.189838,efficientdet_lite0_detection_metadata_1,0.2569
1787,893,228.92208999999977,70.114,70.1,57.1,0.13803,0.0,0.189838,efficientdet_lite0_detection_metadata_1,0.2569
1788,894,228.97605299999978,70.114,69.6,23.8,0.13803,0.0,0.191993,efficientdet_lite0_detection_metadata_1,0.2569
1789,894,229.11472299999977,70.114,71.1,56.6,0.13867,0.0,0.191993,efficientdet_lite0_detection_metadata_1,0.2569
1790,895,229.16848399999978,71.088,69.6,25.0,0.13867,0.0,0.192431,efficientdet_lite0_detection_metadata_1,0.2569
1791,895,229.3142479999998,70.114,70.1,59.5,0.145764,0.0,0.192431,efficientdet_lite0_detection_metadata_1,0.2569
1792,896,229.36812099999977,69.627,70.6,23.8,0.145764,0.0,0.199637,efficientdet_lite0_detection_metadata_1,0.2569
1793,896,229.50324999999978,71.088,71.1,56.8,0.135129,0.0,0.199637,efficientdet_lite0_detection_metadata_1,0.2569
1794,897,229.55731999999978,70.601,70.1,25.0,0.135129,0.0661314932580915,0.189199,efficientdet_lite0_detection_metadata_1,0.2569
1795,897,229.69223599999978,70.114,70.1,56.8,0.134916,0.0661314932580915,0.189199,efficientdet_lite0_detection_metadata_1,0.2569
1796,898,229.81240499999979,70.601,69.1,10.6,0.134916,0.0,0.255085,efficientdet_lite0_detection_metadata_1,0.2569
1797,898,229.95463199999978,70.114,69.6,57.1,0.142227,0.0,0.255085,efficientdet_lite0_detection_metadata_1,0.2569
1798,899,230.00846399999978,69.627,69.1,23.8,0.142227,0.0,0.196059,efficientdet_lite0_detection_metadata_1,0.2569
1799,899,230.15175999999977,70.114,69.1,58.2,0.143296,0.0,0.196059,efficientdet_lite0_detection_metadata_1,0.2569
1800,900,230.20557199999976,69.14,69.1,25.0,0.143296,0.0,0.197108,efficientdet_lite0_detection_metadata_1,0.2569
1801,900,230.33930899999976,71.088,69.6,56.8,0.133737,0.0,0.197108,efficientdet_lite0_detection_metadata_1,0.2569
1802,901,230.39306499999975,69.627,69.6,28.6,0.133737,0.0661314932580915,0.187493,efficientdet_lite0_detection_metadata_1,0.2569
1803,901,230.53345099999976,70.601,70.1,55.8,0.140386,0.0661314932580915,0.187493,efficientdet_lite0_detection_metadata_1,0.2569
1804,902,230.65343699999974,70.114,70.1,10.6,0.140386,0.0,0.260372,efficientdet_lite0_detection_metadata_1,0.2569
1805,902,230.80190799999974,70.114,70.1,56.3,0.148471,0.0,0.260372,efficientdet_lite0_detection_metadata_1,0.2569
1806,903,230.86110499999975,70.114,70.6,30.4,0.148471,0.0,0.207668,efficientdet_lite0_detection_metadata_1,0.2569
1807,903,231.01264299999974,70.601,69.6,55.0,0.151538,0.0,0.207668,efficientdet_lite0_detection_metadata_1,0.2569
1808,904,231.06652499999976,69.627,70.6,23.8,0.151538,0.0,0.20542,efficientdet_lite0_detection_metadata_1,0.2569
1809,904,231.20410899999976,71.088,70.6,57.3,0.137584,0.0,0.20542,efficientdet_lite0_detection_metadata_1,0.2569
1810,905,231.25838399999975,70.601,70.1,23.8,0.137584,0.0661314932580915,0.191859,efficientdet_lite0_detection_metadata_1,0.2569
1811,905,231.39841299999975,69.627,71.1,56.6,0.140029,0.0661314932580915,0.191859,efficientdet_lite0_detection_metadata_1,0.2569
1812,906,231.51844699999975,69.627,69.1,14.0,0.140029,0.0,0.260063,efficientdet_lite0_detection_metadata_1,0.2569
1813,906,231.66384399999976,69.627,68.6,58.2,0.145397,0.0,0.260063,efficientdet_lite0_detection_metadata_1,0.2569
1814,907,231.71815299999975,70.114,70.1,23.8,0.145397,0.0,0.199706,efficientdet_lite0_detection_metadata_1,0.2569
1815,907,231.85888199999974,70.114,70.6,56.6,0.140729,0.0,0.199706,efficientdet_lite0_detection_metadata_1,0.2569
1816,908,231.91273899999973,70.601,69.6,23.8,0.140729,0.0,0.194586,efficientdet_lite0_detection_metadata_1,0.2569
1817,908,232.05200399999973,70.114,70.6,56.6,0.139265,0.0,0.194586,efficientdet_lite0_detection_metadata_1,0.2569
1818,909,232.10620099999974,70.601,70.1,27.3,0.139265,0.0,0.193462,efficientdet_lite0_detection_metadata_1,0.2569
1819,909,232.24243899999973,71.088,70.1,57.3,0.136238,0.0,0.193462,efficientdet_lite0_detection_metadata_1,0.2569
1820,910,232.29634399999975,70.114,70.1,23.8,0.136238,0.0661314932580915,0.190143,efficientdet_lite0_detection_metadata_1,0.2569
1821,910,232.43816799999976,71.088,70.1,59.0,0.141824,0.0661314932580915,0.190143,efficientdet_lite0_detection_metadata_1,0.2569
1822,911,232.56012499999974,69.627,70.1,10.6,0.141824,0.0661314932580915,0.263781,efficientdet_lite0_detection_metadata_1,0.2569
1823,911,232.70270099999973,70.601,69.6,55.8,0.142576,0.0661314932580915,0.263781,efficientdet_lite0_detection_metadata_1,0.2569
1824,912,232.82317999999975,68.653,68.6,10.6,0.142576,0.0,0.263055,efficientdet_lite0_detection_metadata_1,0.2569
1825,912,232.96198299999975,70.114,70.1,57.7,0.138803,0.0,0.263055,efficientdet_lite0_detection_metadata_1,0.2569
1826,913,233.01617699999974,70.114,69.1,23.8,0.138803,0.0,0.192997,efficientdet_lite0_detection_metadata_1,0.2569
1827,913,233.15651699999975,70.114,70.1,56.0,0.14034,0.0,0.192997,efficientdet_lite0_detection_metadata_1,0.2569
1828,914,233.21031999999974,70.114,69.6,30.4,0.14034,0.0,0.194143,efficientdet_lite0_detection_metadata_1,0.2569
1829,914,233.36252399999975,69.627,70.6,56.8,0.152204,0.0,0.194143,efficientdet_lite0_detection_metadata_1,0.2569
1830,915,233.41643799999974,70.601,69.6,25.0,0.152204,0.0,0.206118,efficientdet_lite0_detection_metadata_1,0.2569
1831,915,233.55850299999975,69.627,71.1,55.8,0.142065,0.0,0.206118,efficientdet_lite0_detection_metadata_1,0.2569
1832,916,233.61252799999974,71.088,70.6,23.8,0.142065,0.0,0.19609,efficientdet_lite0_detection_metadata_1,0.2569
1833,916,233.74532499999975,69.627,71.1,58.9,0.132797,0.0,0.19609,efficientdet_lite0_detection_metadata_1,0.2569
1834,917,233.79917899999975,71.088,70.1,23.8,0.132797,0.0,0.186651,efficientdet_lite0_detection_metadata_1,0.2569
1835,917,233.93583199999975,71.088,70.6,57.3,0.136653,0.0,0.186651,efficientdet_lite0_detection_metadata_1,0.2569
1836,918,233.98968299999976,70.601,69.1,28.6,0.136653,0.0661314932580915,0.190504,efficientdet_lite0_detection_metadata_1,0.2569
1837,918,234.14638099999976,70.601,69.6,58.3,0.156698,0.0661314932580915,0.190504,efficientdet_lite0_detection_metadata_1,0.2569
1838,919,234.26902999999976,70.114,69.6,14.6,0.156698,0.0,0.279347,efficientdet_lite0_detection_metadata_1,0.2569
1839,919,234.40645899999976,69.627,69.6,58.4,0.137429,0.0,0.279347,efficientdet_lite0_detection_metadata_1,0.2569
1840,920,234.46062799999976,69.627,69.6,28.6,0.137429,0.0,0.191598,efficientdet_lite0_detection_metadata_1,0.2569
1841,920,234.60971899999976,71.088,69.6,59.5,0.149091,0.0,0.191598,efficientdet_lite0_detection_metadata_1,0.2569
1842,921,234.66487899999976,69.627,69.6,34.8,0.149091,0.0661314932580915,0.204251,efficientdet_lite0_detection_metadata_1,0.2569
1843,921,234.82342699999975,70.114,70.1,60.2,0.158548,0.0661314932580915,0.204251,efficientdet_lite0_detection_metadata_1,0.2569
1844,922,234.95330999999976,69.627,70.1,12.8,0.158548,0.0,0.288431,efficientdet_lite0_detection_metadata_1,0.2569
1845,922,235.09643699999975,70.114,70.1,57.7,0.143127,0.0,0.288431,efficientdet_lite0_detection_metadata_1,0.2569
1846,923,235.15038899999976,70.114,69.6,31.8,0.143127,0.0,0.197079,efficientdet_lite0_detection_metadata_1,0.2569
1847,923,235.29598099999976,71.088,70.6,61.3,0.145592,0.0,0.197079,efficientdet_lite0_detection_metadata_1,0.2569
1848,924,235.35281099999978,69.627,70.1,23.8,0.145592,0.0661314932580915,0.202422,efficientdet_lite0_detection_metadata_1,0.2569
1849,924,235.49191499999978,70.601,70.6,59.2,0.139104,0.0661314932580915,0.202422,efficientdet_lite0_detection_metadata_1,0.2569
1850,925,235.61266099999978,69.14,69.6,14.3,0.139104,0.0,0.25985,efficientdet_lite0_detection_metadata_1,0.2569
1851,925,235.76620899999978,71.575,69.1,62.4,0.153548,0.0,0.25985,efficientdet_lite0_detection_metadata_1,0.2569
1852,926,235.82150999999976,69.14,69.6,28.6,0.153548,0.16353149325809332,0.208849,efficientdet_lite0_detection_metadata_1,0.2569
1853,926,235.96831099999977,69.627,69.1,57.0,0.146801,0.16353149325809332,0.208849,efficientdet_lite0_detection_metadata_1,0.2569
1854,927,236.18575999999976,69.627,69.1,6.9,0.146801,0.0,0.36425,efficientdet_lite0_detection_metadata_1,0.2569
1855,927,236.32827899999975,70.114,70.6,56.4,0.142519,0.0,0.36425,efficientdet_lite0_detection_metadata_1,0.2569
1856,928,236.38220299999975,70.601,69.1,36.4,0.142519,0.0,0.196443,efficientdet_lite0_detection_metadata_1,0.2569
1857,928,236.53815099999974,70.114,70.1,58.5,0.155948,0.0,0.196443,efficientdet_lite0_detection_metadata_1,0.2569
1858,929,236.59318699999974,70.114,69.6,30.4,0.155948,0.0,0.210984,efficientdet_lite0_detection_metadata_1,0.2569
1859,929,236.74213899999975,70.114,70.1,58.2,0.148952,0.0,0.210984,efficientdet_lite0_detection_metadata_1,0.2569
1860,930,236.79586999999975,70.114,70.1,34.8,0.148952,0.0,0.202683,efficientdet_lite0_detection_metadata_1,0.2569
1861,930,236.94098799999975,69.627,70.6,57.0,0.145118,0.0,0.202683,efficientdet_lite0_detection_metadata_1,0.2569
1862,931,236.99501699999976,70.601,70.1,28.6,0.145118,0.0,0.199147,efficientdet_lite0_detection_metadata_1,0.2569
1863,931,237.14538599999977,70.601,71.1,57.3,0.150369,0.0,0.199147,efficientdet_lite0_detection_metadata_1,0.2569
1864,932,237.19951299999977,71.088,69.1,25.0,0.150369,0.0,0.204496,efficientdet_lite0_detection_metadata_1,0.2569
1865,932,237.38278899999978,70.601,69.6,59.6,0.183276,0.0,0.204496,efficientdet_lite0_detection_metadata_1,0.2569
1866,933,237.43684299999975,69.627,70.1,23.8,0.183276,0.0,0.23733,efficientdet_lite0_detection_metadata_1,0.2569
1867,933,237.57625099999976,69.627,70.1,58.4,0.139408,0.0,0.23733,efficientdet_lite0_detection_metadata_1,0.2569
1868,934,237.63031899999976,70.114,69.1,27.3,0.139408,0.0,0.193476,efficientdet_lite0_detection_metadata_1,0.2569
1869,934,237.76281999999975,70.114,69.6,56.9,0.132501,0.0,0.193476,efficientdet_lite0_detection_metadata_1,0.2569
1870,935,237.81671699999976,69.627,70.1,28.6,0.132501,0.0,0.186398,efficientdet_lite0_detection_metadata_1,0.2569
1871,935,237.94732599999975,70.114,70.1,58.9,0.130609,0.0,0.186398,efficientdet_lite0_detection_metadata_1,0.2569
1872,936,238.00145099999975,69.627,70.1,23.8,0.130609,0.0,0.184734,efficientdet_lite0_detection_metadata_1,0.2569
1873,936,238.17310499999974,70.601,70.6,62.9,0.171654,0.0,0.184734,efficientdet_lite0_detection_metadata_1,0.2569
1874,937,238.22716199999974,70.601,70.6,23.8,0.171654,0.0,0.225711,efficientdet_lite0_detection_metadata_1,0.2569
1875,937,238.36523099999974,70.601,70.1,57.3,0.138069,0.0,0.225711,efficientdet_lite0_detection_metadata_1,0.2569
1876,938,238.41964999999973,70.114,70.1,25.0,0.138069,0.0,0.192488,efficientdet_lite0_detection_metadata_1,0.2569
1877,938,238.55237299999973,71.088,70.1,63.2,0.132723,0.0,0.192488,efficientdet_lite0_detection_metadata_1,0.2569
1878,939,238.60937999999973,70.114,71.5,50.0,0.132723,0.0661314932580915,0.18973,efficientdet_lite0_detection_metadata_1,0.2569
1879,939,238.93993399999974,70.114,69.6,73.5,0.330554,0.0661314932580915,0.18973,efficientdet_lite0_detection_metadata_1,0.2569
1880,940,239.06068199999973,70.601,69.6,8.7,0.330554,0.0,0.451302,efficientdet_lite0_detection_metadata_1,0.2569
1881,940,239.20360599999972,71.575,70.1,57.0,0.142924,0.0,0.451302,efficientdet_lite0_detection_metadata_1,0.2569
1882,941,239.25782599999974,70.601,69.1,25.0,0.142924,0.16353149325809332,0.197144,efficientdet_lite0_detection_metadata_1,0.2569
1883,941,239.38479699999974,71.088,71.1,60.3,0.126971,0.16353149325809332,0.197144,efficientdet_lite0_detection_metadata_1,0.2569
1884,942,239.60267599999975,69.627,69.6,6.9,0.126971,0.0661314932580915,0.34485,efficientdet_lite0_detection_metadata_1,0.2569
1885,942,239.74758499999976,70.601,70.1,61.4,0.144909,0.0661314932580915,0.34485,efficientdet_lite0_detection_metadata_1,0.2569
1886,943,239.88246899999976,69.627,69.1,12.5,0.144909,0.0,0.279793,efficientdet_lite0_detection_metadata_1,0.2569
1887,943,240.02255599999975,70.114,70.1,56.6,0.140087,0.0,0.279793,efficientdet_lite0_detection_metadata_1,0.2569
1888,944,240.07659499999977,70.114,70.1,27.3,0.140087,0.0,0.194126,efficientdet_lite0_detection_metadata_1,0.2569
1889,944,240.21243799999976,70.601,69.6,58.7,0.135843,0.0,0.194126,efficientdet_lite0_detection_metadata_1,0.2569
1890,945,240.26634599999977,69.627,69.6,28.6,0.135843,0.0,0.189751,efficientdet_lite0_detection_metadata_1,0.2569
1891,945,240.41517699999977,69.627,70.1,59.5,0.148831,0.0,0.189751,efficientdet_lite0_detection_metadata_1,0.2569
1892,946,240.47094099999978,69.627,70.6,27.3,0.148831,0.0,0.204595,efficientdet_lite0_detection_metadata_1,0.2569
1893,946,240.64614199999977,70.601,70.6,60.0,0.175201,0.0,0.204595,efficientdet_lite0_detection_metadata_1,0.2569
1894,947,240.70032999999978,70.601,70.1,27.3,0.175201,0.0,0.229389,efficientdet_lite0_detection_metadata_1,0.2569
1895,947,240.84825099999978,70.114,70.6,60.0,0.147921,0.0,0.229389,efficientdet_lite0_detection_metadata_1,0.2569
1896,948,240.9039569999998,70.601,70.1,31.8,0.147921,0.0,0.203627,efficientdet_lite0_detection_metadata_1,0.2569
1897,948,241.0525399999998,70.601,70.6,57.5,0.148583,0.0,0.203627,efficientdet_lite0_detection_metadata_1,0.2569
1898,949,241.1064389999998,70.601,69.6,27.3,0.148583,0.0,0.202482,efficientdet_lite0_detection_metadata_1,0.2569
1899,949,241.2376509999998,70.601,69.6,58.9,0.131212,0.0,0.202482,efficientdet_lite0_detection_metadata_1,0.2569
1900,950,241.2915699999998,70.114,70.1,25.0,0.131212,0.0,0.185131,efficientdet_lite0_detection_metadata_1,0.2569
1901,950,241.4613619999998,70.601,70.6,61.4,0.169792,0.0,0.185131,efficientdet_lite0_detection_metadata_1,0.2569
1902,951,241.5158609999998,70.601,70.1,23.8,0.169792,0.0,0.224291,efficientdet_lite0_detection_metadata_1,0.2569
1903,951,241.6544849999998,70.114,70.1,57.3,0.138624,0.0,0.224291,efficientdet_lite0_detection_metadata_1,0.2569
1904,952,241.7091289999998,70.114,70.6,27.3,0.138624,0.0,0.193268,efficientdet_lite0_detection_metadata_1,0.2569
1905,952,241.8487939999998,71.088,70.1,57.9,0.139665,0.0,0.193268,efficientdet_lite0_detection_metadata_1,0.2569
1906,953,241.9025409999998,70.114,70.1,23.8,0.139665,0.0661314932580915,0.193412,efficientdet_lite0_detection_metadata_1,0.2569
1907,953,242.0390679999998,71.088,71.5,57.9,0.136527,0.0661314932580915,0.193412,efficientdet_lite0_detection_metadata_1,0.2569
1908,954,242.1590909999998,70.114,70.1,22.2,0.136527,0.0661314932580915,0.25655,efficientdet_lite0_detection_metadata_1,0.2569
1909,954,242.2915629999998,70.601,70.6,58.9,0.132472,0.0661314932580915,0.25655,efficientdet_lite0_detection_metadata_1,0.2569
1910,955,242.4115509999998,70.114,71.1,12.5,0.132472,0.0,0.25246,efficientdet_lite0_detection_metadata_1,0.2569
1911,955,242.5485979999998,71.088,70.1,57.9,0.137047,0.0,0.25246,efficientdet_lite0_detection_metadata_1,0.2569
1912,956,242.6024869999998,70.114,70.1,23.8,0.137047,0.0661314932580915,0.190936,efficientdet_lite0_detection_metadata_1,0.2569
1913,956,242.7520629999998,70.601,70.6,58.0,0.149576,0.0661314932580915,0.190936,efficientdet_lite0_detection_metadata_1,0.2569
1914,957,242.8725669999998,70.601,70.6,12.5,0.149576,0.0,0.27008,efficientdet_lite0_detection_metadata_1,0.2569
1915,957,243.0390379999998,69.627,71.1,62.5,0.166471,0.0,0.27008,efficientdet_lite0_detection_metadata_1,0.2569
1916,958,243.09304599999982,71.088,69.6,25.0,0.166471,0.0,0.220479,efficientdet_lite0_detection_metadata_1,0.2569
1917,958,243.2311969999998,70.114,71.1,57.1,0.138151,0.0,0.220479,efficientdet_lite0_detection_metadata_1,0.2569
1918,959,243.2853089999998,71.088,70.1,28.6,0.138151,0.0,0.192263,efficientdet_lite0_detection_metadata_1,0.2569
1919,959,243.4166609999998,71.088,71.1,59.5,0.131352,0.0,0.192263,efficientdet_lite0_detection_metadata_1,0.2569
1920,960,243.4705849999998,71.088,71.1,23.8,0.131352,0.0661314932580915,0.185276,efficientdet_lite0_detection_metadata_1,0.2569
1921,960,243.6074439999998,70.114,70.6,57.9,0.136859,0.0661314932580915,0.185276,efficientdet_lite0_detection_metadata_1,0.2569
1922,961,243.7276509999998,69.627,70.6,12.5,0.136859,0.0,0.257066,efficientdet_lite0_detection_metadata_1,0.2569
1923,961,243.8899689999998,71.088,70.6,60.0,0.162318,0.0,0.257066,efficientdet_lite0_detection_metadata_1,0.2569
1924,962,243.9436109999998,70.601,70.1,21.1,0.162318,0.0661314932580915,0.21596,efficientdet_lite0_detection_metadata_1,0.2569
1925,962,244.0900239999998,70.114,70.6,59.0,0.146413,0.0661314932580915,0.21596,efficientdet_lite0_detection_metadata_1,0.2569
1926,963,244.21238399999982,69.627,70.1,14.6,0.146413,0.0,0.268773,efficientdet_lite0_detection_metadata_1,0.2569
1927,963,244.35283599999983,70.601,71.1,56.4,0.140452,0.0,0.268773,efficientdet_lite0_detection_metadata_1,0.2569
1928,964,244.4069889999998,71.088,70.6,28.6,0.140452,0.0,0.194605,efficientdet_lite0_detection_metadata_1,0.2569
1929,964,244.5449149999998,70.601,70.6,58.4,0.137926,0.0,0.194605,efficientdet_lite0_detection_metadata_1,0.2569
1930,965,244.60577699999982,70.601,71.1,30.4,0.137926,0.0,0.198788,efficientdet_lite0_detection_metadata_1,0.2569
1931,965,244.7413059999998,70.601,70.1,58.7,0.135529,0.0,0.198788,efficientdet_lite0_detection_metadata_1,0.2569
1932,966,244.7953759999998,70.114,70.6,27.3,0.135529,0.0,0.189599,efficientdet_lite0_detection_metadata_1,0.2569
1933,966,244.9311739999998,71.575,70.6,57.5,0.135798,0.0,0.189599,efficientdet_lite0_detection_metadata_1,0.2569
1934,967,244.9853739999998,70.601,69.6,27.3,0.135798,0.16353149325809332,0.189998,efficientdet_lite0_detection_metadata_1,0.2569
1935,967,245.11921699999982,72.062,70.6,58.1,0.133843,0.16353149325809332,0.189998,efficientdet_lite0_detection_metadata_1,0.2569
1936,968,245.3367689999998,69.14,69.6,6.9,0.133843,0.2609314932580923,0.351395,efficientdet_lite0_detection_metadata_1,0.2569
1937,968,245.48257799999982,69.627,70.1,58.4,0.145809,0.2609314932580923,0.351395,efficientdet_lite0_detection_metadata_1,0.2569
1938,969,245.79764499999982,69.627,69.1,4.0,0.145809,0.0,0.460876,efficientdet_lite0_detection_metadata_1,0.2569
1939,969,245.93777099999983,70.114,70.6,58.7,0.140126,0.0,0.460876,efficientdet_lite0_detection_metadata_1,0.2569
1940,970,245.99222699999982,70.601,70.1,23.8,0.140126,0.0,0.194582,efficientdet_lite0_detection_metadata_1,0.2569
1941,970,246.13994199999982,70.601,69.6,56.4,0.147715,0.0,0.194582,efficientdet_lite0_detection_metadata_1,0.2569
1942,971,246.19386499999982,69.627,69.6,31.8,0.147715,0.0,0.201638,efficientdet_lite0_detection_metadata_1,0.2569
1943,971,246.3402909999998,70.601,70.1,62.0,0.146426,0.0,0.201638,efficientdet_lite0_detection_metadata_1,0.2569
1944,972,246.39398399999982,70.114,69.6,28.6,0.146426,0.0,0.200119,efficientdet_lite0_detection_metadata_1,0.2569
1945,972,246.53713999999982,71.088,70.1,59.3,0.143156,0.0,0.200119,efficientdet_lite0_detection_metadata_1,0.2569
1946,973,246.59404399999983,70.114,70.6,27.3,0.143156,0.0661314932580915,0.20006,efficientdet_lite0_detection_metadata_1,0.2569
1947,973,246.74958299999983,71.575,70.6,60.7,0.155539,0.0661314932580915,0.20006,efficientdet_lite0_detection_metadata_1,0.2569
1948,974,246.87122999999983,68.653,69.6,18.0,0.155539,0.16353149325809332,0.277186,efficientdet_lite0_detection_metadata_1,0.2569
1949,974,247.00912799999983,71.088,69.6,58.4,0.137898,0.16353149325809332,0.277186,efficientdet_lite0_detection_metadata_1,0.2569
1950,975,247.23392799999982,69.627,69.6,7.0,0.137898,0.0661314932580915,0.362698,efficientdet_lite0_detection_metadata_1,0.2569
1951,975,247.3759079999998,70.601,71.1,60.8,0.14198,0.0661314932580915,0.362698,efficientdet_lite0_detection_metadata_1,0.2569
1952,976,247.49601999999982,70.114,68.1,10.9,0.14198,0.0,0.262092,efficientdet_lite0_detection_metadata_1,0.2569
1953,976,247.63135299999982,70.114,70.1,57.3,0.135333,0.0,0.262092,efficientdet_lite0_detection_metadata_1,0.2569
1954,977,247.68518699999981,70.114,69.1,25.0,0.135333,0.0,0.189167,efficientdet_lite0_detection_metadata_1,0.2569
1955,977,247.8241719999998,69.627,70.1,56.6,0.138985,0.0,0.189167,efficientdet_lite0_detection_metadata_1,0.2569
1956,978,247.8780479999998,70.114,69.6,33.3,0.138985,0.0,0.192861,efficientdet_lite0_detection_metadata_1,0.2569
1957,978,248.0133949999998,70.114,70.6,58.7,0.135347,0.0,0.192861,efficientdet_lite0_detection_metadata_1,0.2569
1958,979,248.0670799999998,70.601,70.1,23.8,0.135347,0.0,0.189032,efficientdet_lite0_detection_metadata_1,0.2569
1959,979,248.2057099999998,71.088,70.1,56.6,0.13863,0.0,0.189032,efficientdet_lite0_detection_metadata_1,0.2569
1960,980,248.2599589999998,70.114,69.6,28.6,0.13863,0.0661314932580915,0.192879,efficientdet_lite0_detection_metadata_1,0.2569
1961,980,248.3936509999998,71.088,71.1,58.7,0.133692,0.0661314932580915,0.192879,efficientdet_lite0_detection_metadata_1,0.2569
1962,981,248.5139789999998,70.114,69.1,10.6,0.133692,0.0661314932580915,0.25402,efficientdet_lite0_detection_metadata_1,0.2569
1963,981,248.6574649999998,71.088,70.1,57.3,0.143486,0.0661314932580915,0.25402,efficientdet_lite0_detection_metadata_1,0.2569
1964,982,248.7863219999998,70.114,69.6,14.3,0.143486,0.0661314932580915,0.272343,efficientdet_lite0_detection_metadata_1,0.2569
1965,982,248.9241009999998,70.601,70.6,56.0,0.137779,0.0661314932580915,0.272343,efficientdet_lite0_detection_metadata_1,0.2569
1966,983,249.04434399999982,70.114,68.6,10.6,0.137779,0.0,0.258022,efficientdet_lite0_detection_metadata_1,0.2569
1967,983,249.18297499999983,70.114,70.6,56.6,0.138631,0.0,0.258022,efficientdet_lite0_detection_metadata_1,0.2569
1968,984,249.23678699999982,69.627,69.6,28.6,0.138631,0.0,0.192443,efficientdet_lite0_detection_metadata_1,0.2569
1969,984,249.3759079999998,70.601,70.6,56.0,0.139121,0.0,0.192443,efficientdet_lite0_detection_metadata_1,0.2569
1970,985,249.42995499999984,70.601,70.1,27.3,0.139121,0.0,0.193168,efficientdet_lite0_detection_metadata_1,0.2569
1971,985,249.62027499999985,71.088,70.6,60.0,0.19032,0.0,0.193168,efficientdet_lite0_detection_metadata_1,0.2569
1972,986,249.67422299999984,70.601,69.6,28.6,0.19032,0.0661314932580915,0.244268,efficientdet_lite0_detection_metadata_1,0.2569
1973,986,249.81009899999984,70.114,70.1,60.8,0.135876,0.0661314932580915,0.244268,efficientdet_lite0_detection_metadata_1,0.2569
1974,987,249.93067099999985,69.627,69.1,12.5,0.135876,0.0,0.256448,efficientdet_lite0_detection_metadata_1,0.2569
1975,987,250.07295099999985,69.627,70.6,56.6,0.14228,0.0,0.256448,efficientdet_lite0_detection_metadata_1,0.2569
1976,988,250.12667699999986,70.601,69.1,31.8,0.14228,0.0,0.196006,efficientdet_lite0_detection_metadata_1,0.2569
1977,988,250.26977499999987,71.088,69.6,55.7,0.143098,0.0,0.196006,efficientdet_lite0_detection_metadata_1,0.2569
1978,989,250.33324399999987,69.627,70.6,46.2,0.143098,0.0661314932580915,0.206567,efficientdet_lite0_detection_metadata_1,0.2569
1979,989,250.46355999999986,70.114,69.1,58.3,0.130316,0.0661314932580915,0.206567,efficientdet_lite0_detection_metadata_1,0.2569
1980,990,250.58388299999987,69.14,69.1,12.5,0.130316,0.0,0.250639,efficientdet_lite0_detection_metadata_1,0.2569
1981,990,250.72744499999988,70.114,69.6,57.1,0.143562,0.0,0.250639,efficientdet_lite0_detection_metadata_1,0.2569
1982,991,250.78139499999986,69.627,70.1,27.3,0.143562,0.0,0.197512,efficientdet_lite0_detection_metadata_1,0.2569
1983,991,250.92161099999987,69.627,70.6,57.3,0.140216,0.0,0.197512,efficientdet_lite0_detection_metadata_1,0.2569
1984,992,250.97552999999985,70.601,71.1,27.3,0.140216,0.0,0.194135,efficientdet_lite0_detection_metadata_1,0.2569
1985,992,251.13425599999985,70.601,71.1,57.1,0.158726,0.0,0.194135,efficientdet_lite0_detection_metadata_1,0.2569
1986,993,251.18965899999986,71.088,70.6,23.8,0.158726,0.0,0.214129,efficientdet_lite0_detection_metadata_1,0.2569
1987,993,251.33310199999985,70.114,70.6,57.1,0.143443,0.0,0.214129,efficientdet_lite0_detection_metadata_1,0.2569
1988,994,251.38706499999986,70.601,69.6,27.3,0.143443,0.0,0.197406,efficientdet_lite0_detection_metadata_1,0.2569
1989,994,251.52981799999986,70.114,69.6,57.1,0.142753,0.0,0.197406,efficientdet_lite0_detection_metadata_1,0.2569
1990,995,251.58396099999987,70.114,69.1,27.3,0.142753,0.0,0.196896,efficientdet_lite0_detection_metadata_1,0.2569
1991,995,251.71724599999988,70.601,70.6,57.5,0.133285,0.0,0.196896,efficientdet_lite0_detection_metadata_1,0.2569
1992,996,251.7711859999999,70.601,69.6,30.4,0.133285,0.0,0.187225,efficientdet_lite0_detection_metadata_1,0.2569
1993,996,251.9184479999999,71.088,70.1,60.8,0.147262,0.0,0.187225,efficientdet_lite0_detection_metadata_1,0.2569
1994,997,251.97600299999988,70.114,71.1,23.8,0.147262,0.0661314932580915,0.204817,efficientdet_lite0_detection_metadata_1,0.2569
1995,997,252.12223799999987,70.601,70.6,56.3,0.146235,0.0661314932580915,0.204817,efficientdet_lite0_detection_metadata_1,0.2569
1996,998,252.24239199999988,69.14,70.1,10.6,0.146235,0.0,0.266389,efficientdet_lite0_detection_metadata_1,0.2569
1997,998,252.38896399999987,70.601,70.6,56.4,0.146572,0.0,0.266389,efficientdet_lite0_detection_metadata_1,0.2569
1998,999,252.44264599999988,70.601,70.1,23.8,0.146572,0.0,0.200254,efficientdet_lite0_detection_metadata_1,0.2569
1999,999,252.5846739999999,71.575,70.1,57.7,0.142028,0.0,0.200254,efficientdet_lite0_detection_metadata_1,0.2569
2000,1000,252.63901599999988,70.114,70.1,23.8,0.142028,0.16353149325809332,0.19637,efficientdet_lite0_detection_metadata_1,0.2569
2001,1000,252.81406899999988,70.601,70.1,59.8,0.175053,0.16353149325809332,0.19637,efficientdet_lite0_detection_metadata_1,0.2569
2002,1001,253.0319919999999,69.14,70.1,5.8,0.175053,0.0,0.392976,efficientdet_lite0_detection_metadata_1,0.2569
2003,1001,253.17352199999988,70.601,69.6,56.6,0.14153,0.0,0.392976,efficientdet_lite0_detection_metadata_1,0.2569
2004,1002,253.22758799999988,69.627,71.1,23.8,0.14153,0.0,0.195596,efficientdet_lite0_detection_metadata_1,0.2569
2005,1002,253.37051999999989,70.114,70.6,55.8,0.142932,0.0,0.195596,efficientdet_lite0_detection_metadata_1,0.2569
2006,1003,253.4242719999999,70.601,69.1,23.8,0.142932,0.0,0.196684,efficientdet_lite0_detection_metadata_1,0.2569
2007,1003,253.57041499999988,71.088,69.1,57.0,0.146143,0.0,0.196684,efficientdet_lite0_detection_metadata_1,0.2569
2008,1004,253.6247369999999,69.14,70.6,25.0,0.146143,0.0661314932580915,0.200465,efficientdet_lite0_detection_metadata_1,0.2569
2009,1004,253.7580319999999,70.601,70.1,58.7,0.133295,0.0661314932580915,0.200465,efficientdet_lite0_detection_metadata_1,0.2569
2010,1005,253.8783079999999,69.627,70.1,12.5,0.133295,0.0,0.253571,efficientdet_lite0_detection_metadata_1,0.2569
2011,1005,254.01192299999988,70.601,70.1,58.1,0.133615,0.0,0.253571,efficientdet_lite0_detection_metadata_1,0.2569
2012,1006,254.06567499999989,70.114,69.6,25.0,0.133615,0.0,0.187367,efficientdet_lite0_detection_metadata_1,0.2569
2013,1006,254.20461399999988,70.601,69.6,56.6,0.138939,0.0,0.187367,efficientdet_lite0_detection_metadata_1,0.2569
2014,1007,254.25895499999987,70.114,70.1,28.6,0.138939,0.0,0.19328,efficientdet_lite0_detection_metadata_1,0.2569
2015,1007,254.40538499999988,70.114,71.1,58.2,0.14643,0.0,0.19328,efficientdet_lite0_detection_metadata_1,0.2569
2016,1008,254.45930199999987,71.088,70.6,27.3,0.14643,0.0,0.200347,efficientdet_lite0_detection_metadata_1,0.2569
2017,1008,254.60640599999988,70.114,70.6,55.7,0.147104,0.0,0.200347,efficientdet_lite0_detection_metadata_1,0.2569
2018,1009,254.66023399999986,69.627,69.6,23.8,0.147104,0.0,0.200932,efficientdet_lite0_detection_metadata_1,0.2569
2019,1009,254.80150399999985,71.575,70.6,55.8,0.14127,0.0,0.200932,efficientdet_lite0_detection_metadata_1,0.2569
2020,1010,254.85543999999987,70.601,70.1,31.8,0.14127,0.16353149325809332,0.195206,efficientdet_lite0_detection_metadata_1,0.2569
2021,1010,254.99721499999987,71.575,70.1,54.7,0.141775,0.16353149325809332,0.195206,efficientdet_lite0_detection_metadata_1,0.2569
2022,1011,255.21528599999988,69.627,69.6,9.1,0.141775,0.16353149325809332,0.359846,efficientdet_lite0_detection_metadata_1,0.2569
2023,1011,255.3486669999999,69.627,69.1,57.5,0.133381,0.16353149325809332,0.359846,efficientdet_lite0_detection_metadata_1,0.2569
2024,1012,255.56666999999987,68.653,70.1,6.9,0.133381,0.0,0.351384,efficientdet_lite0_detection_metadata_1,0.2569
2025,1012,255.70605599999988,70.114,70.6,55.3,0.139386,0.0,0.351384,efficientdet_lite0_detection_metadata_1,0.2569
2026,1013,255.75971099999987,70.601,70.1,28.6,0.139386,0.0,0.193041,efficientdet_lite0_detection_metadata_1,0.2569
2027,1013,255.91789399999988,70.114,70.1,53.6,0.158183,0.0,0.193041,efficientdet_lite0_detection_metadata_1,0.2569
2028,1014,255.97181699999987,70.114,70.6,37.5,0.158183,0.0,0.212106,efficientdet_lite0_detection_metadata_1,0.2569
2029,1014,256.1071929999999,70.114,70.1,56.2,0.135376,0.0,0.212106,efficientdet_lite0_detection_metadata_1,0.2569
2030,1015,256.1625969999999,70.114,70.1,27.3,0.135376,0.0,0.19078,efficientdet_lite0_detection_metadata_1,0.2569
2031,1015,256.3077449999999,71.088,70.1,55.8,0.145148,0.0,0.19078,efficientdet_lite0_detection_metadata_1,0.2569
2032,1016,256.3616769999999,70.114,70.1,30.4,0.145148,0.0661314932580915,0.19908,efficientdet_lite0_detection_metadata_1,0.2569
2033,1016,256.49766699999986,69.627,70.6,57.3,0.13599,0.0661314932580915,0.19908,efficientdet_lite0_detection_metadata_1,0.2569
2034,1017,256.6177719999999,70.114,69.1,12.5,0.13599,0.0,0.256095,efficientdet_lite0_detection_metadata_1,0.2569
2035,1017,256.75545799999986,70.601,70.1,57.1,0.137686,0.0,0.256095,efficientdet_lite0_detection_metadata_1,0.2569
2036,1018,256.8162149999999,70.114,70.6,27.3,0.137686,0.0,0.198443,efficientdet_lite0_detection_metadata_1,0.2569
2037,1018,256.95349499999986,70.114,70.1,57.9,0.13728,0.0,0.198443,efficientdet_lite0_detection_metadata_1,0.2569
2038,1019,257.0078949999999,70.114,71.1,27.3,0.13728,0.0,0.19168,efficientdet_lite0_detection_metadata_1,0.2569
2039,1019,257.1428839999999,70.601,70.1,58.1,0.134989,0.0,0.19168,efficientdet_lite0_detection_metadata_1,0.2569
2040,1020,257.1968189999999,70.114,70.1,27.3,0.134989,0.0,0.188924,efficientdet_lite0_detection_metadata_1,0.2569
2041,1020,257.3334619999999,70.114,70.1,57.9,0.136643,0.0,0.188924,efficientdet_lite0_detection_metadata_1,0.2569
2042,1021,257.3872479999999,70.114,69.6,23.8,0.136643,0.0,0.190429,efficientdet_lite0_detection_metadata_1,0.2569
2043,1021,257.52362799999986,70.601,70.6,58.1,0.13638,0.0,0.190429,efficientdet_lite0_detection_metadata_1,0.2569
2044,1022,257.5775409999999,70.601,70.6,29.2,0.13638,0.0,0.190293,efficientdet_lite0_detection_metadata_1,0.2569
2045,1022,257.7193069999999,70.601,70.1,56.4,0.141766,0.0,0.190293,efficientdet_lite0_detection_metadata_1,0.2569
2046,1023,257.77317699999986,70.114,70.1,28.6,0.141766,0.0,0.195636,efficientdet_lite0_detection_metadata_1,0.2569
2047,1023,257.90893899999986,71.088,70.6,57.9,0.135762,0.0,0.195636,efficientdet_lite0_detection_metadata_1,0.2569
2048,1024,257.9629889999999,70.601,71.1,23.8,0.135762,0.0661314932580915,0.189812,efficientdet_lite0_detection_metadata_1,0.2569
2049,1024,258.1021399999999,71.575,70.1,56.6,0.139151,0.0661314932580915,0.189812,efficientdet_lite0_detection_metadata_1,0.2569
2050,1025,258.2222359999999,69.14,70.1,12.5,0.139151,0.16353149325809332,0.259247,efficientdet_lite0_detection_metadata_1,0.2569
2051,1025,258.35562199999987,72.062,70.1,57.9,0.133386,0.16353149325809332,0.259247,efficientdet_lite0_detection_metadata_1,0.2569
2052,1026,258.5817459999999,69.14,69.6,6.9,0.133386,0.2609314932580923,0.35951,efficientdet_lite0_detection_metadata_1,0.2569
2053,1026,258.7136859999999,71.088,70.6,60.5,0.13194,0.2609314932580923,0.35951,efficientdet_lite0_detection_metadata_1,0.2569
2054,1027,259.0328059999999,69.14,68.6,7.1,0.13194,0.0661314932580915,0.45106,efficientdet_lite0_detection_metadata_1,0.2569
2055,1027,259.1684789999999,71.088,70.6,61.3,0.135673,0.0661314932580915,0.45106,efficientdet_lite0_detection_metadata_1,0.2569
2056,1028,259.28886799999987,68.653,68.6,14.6,0.135673,0.0661314932580915,0.256062,efficientdet_lite0_detection_metadata_1,0.2569
2057,1028,259.4241239999999,70.601,70.6,56.8,0.135256,0.0661314932580915,0.256062,efficientdet_lite0_detection_metadata_1,0.2569
2058,1029,259.54433999999986,68.166,70.1,10.6,0.135256,0.0,0.255472,efficientdet_lite0_detection_metadata_1,0.2569
2059,1029,259.68400199999985,70.114,70.1,57.9,0.139662,0.0,0.255472,efficientdet_lite0_detection_metadata_1,0.2569
2060,1030,259.7382299999999,70.114,69.6,23.8,0.139662,0.0,0.19389,efficientdet_lite0_detection_metadata_1,0.2569
2061,1030,259.87640599999986,70.601,71.1,57.9,0.138176,0.0,0.19389,efficientdet_lite0_detection_metadata_1,0.2569
2062,1031,259.93023599999987,71.088,69.1,23.8,0.138176,0.0,0.192006,efficientdet_lite0_detection_metadata_1,0.2569
2063,1031,260.06548199999986,72.062,69.6,58.1,0.135246,0.0,0.192006,efficientdet_lite0_detection_metadata_1,0.2569
2064,1032,260.1220719999999,69.627,70.1,27.3,0.135246,0.2609314932580923,0.191836,efficientdet_lite0_detection_metadata_1,0.2569
2065,1032,260.25784199999987,70.601,70.1,58.7,0.13577,0.2609314932580923,0.191836,efficientdet_lite0_detection_metadata_1,0.2569
2066,1033,260.5726039999999,68.653,69.1,8.6,0.13577,0.0,0.450532,efficientdet_lite0_detection_metadata_1,0.2569
2067,1033,260.7202699999999,70.114,70.1,60.3,0.147666,0.0,0.450532,efficientdet_lite0_detection_metadata_1,0.2569
2068,1034,260.7759879999999,70.114,69.1,28.6,0.147666,0.0,0.203384,efficientdet_lite0_detection_metadata_1,0.2569
2069,1034,260.9211409999999,71.088,70.1,59.5,0.145153,0.0,0.203384,efficientdet_lite0_detection_metadata_1,0.2569
2070,1035,260.97532499999994,70.114,69.6,28.6,0.145153,0.0661314932580915,0.199337,efficientdet_lite0_detection_metadata_1,0.2569
2071,1035,261.1073829999999,71.575,69.6,58.1,0.132058,0.0661314932580915,0.199337,efficientdet_lite0_detection_metadata_1,0.2569
2072,1036,261.22741099999996,69.627,69.1,10.6,0.132058,0.16353149325809332,0.252086,efficientdet_lite0_detection_metadata_1,0.2569
2073,1036,261.36391199999997,70.601,69.6,56.8,0.136501,0.16353149325809332,0.252086,efficientdet_lite0_detection_metadata_1,0.2569
2074,1037,261.58145399999995,69.14,69.1,8.0,0.136501,0.0,0.354043,efficientdet_lite0_detection_metadata_1,0.2569
2075,1037,261.71881199999996,70.601,69.6,58.2,0.137358,0.0,0.354043,efficientdet_lite0_detection_metadata_1,0.2569
2076,1038,261.7810549999999,69.627,69.6,28.6,0.137358,0.0,0.199601,efficientdet_lite0_detection_metadata_1,0.2569
2077,1038,261.92304299999995,71.088,69.6,55.8,0.141988,0.0,0.199601,efficientdet_lite0_detection_metadata_1,0.2569
2078,1039,261.97689999999994,69.627,70.6,28.6,0.141988,0.0661314932580915,0.195845,efficientdet_lite0_detection_metadata_1,0.2569
2079,1039,262.1249429999999,71.088,70.1,55.7,0.148043,0.0661314932580915,0.195845,efficientdet_lite0_detection_metadata_1,0.2569
2080,1040,262.24623299999996,70.114,69.1,10.6,0.148043,0.0661314932580915,0.269333,efficientdet_lite0_detection_metadata_1,0.2569
2081,1040,262.38650899999993,69.627,69.6,57.3,0.140276,0.0661314932580915,0.269333,efficientdet_lite0_detection_metadata_1,0.2569
2082,1041,262.50616399999996,68.653,69.6,10.6,0.140276,0.0,0.259931,efficientdet_lite0_detection_metadata_1,0.2569
2083,1041,262.65548099999995,70.601,69.1,57.5,0.149317,0.0,0.259931,efficientdet_lite0_detection_metadata_1,0.2569
2084,1042,262.70958499999995,69.14,69.6,30.4,0.149317,0.0,0.203421,efficientdet_lite0_detection_metadata_1,0.2569
2085,1042,262.8480579999999,71.575,70.1,54.8,0.138473,0.0,0.203421,efficientdet_lite0_detection_metadata_1,0.2569
2086,1043,262.90193099999993,70.114,70.6,28.6,0.138473,0.16353149325809332,0.192346,efficientdet_lite0_detection_metadata_1,0.2569
2087,1043,263.04500699999994,70.114,71.1,55.8,0.143076,0.16353149325809332,0.192346,efficientdet_lite0_detection_metadata_1,0.2569
2088,1044,263.2623439999999,68.653,69.1,8.0,0.143076,0.0,0.360413,efficientdet_lite0_detection_metadata_1,0.2569
2089,1044,263.40307799999994,69.627,69.6,58.4,0.140734,0.0,0.360413,efficientdet_lite0_detection_metadata_1,0.2569
2090,1045,263.45758799999993,69.627,68.6,28.6,0.140734,0.0,0.195244,efficientdet_lite0_detection_metadata_1,0.2569
2091,1045,263.60176499999994,70.114,70.1,55.3,0.144177,0.0,0.195244,efficientdet_lite0_detection_metadata_1,0.2569
2092,1046,263.6554549999999,70.114,69.6,23.8,0.144177,0.0,0.197867,efficientdet_lite0_detection_metadata_1,0.2569
2093,1046,263.7961559999999,70.114,69.6,56.6,0.140701,0.0,0.197867,efficientdet_lite0_detection_metadata_1,0.2569
2094,1047,263.8499989999999,69.627,70.6,27.3,0.140701,0.0,0.194544,efficientdet_lite0_detection_metadata_1,0.2569
2095,1047,263.9920029999999,70.114,70.6,55.8,0.142004,0.0,0.194544,efficientdet_lite0_detection_metadata_1,0.2569
2096,1048,264.0458109999999,70.601,70.1,28.6,0.142004,0.0,0.195812,efficientdet_lite0_detection_metadata_1,0.2569
2097,1048,264.1930169999999,70.601,69.1,57.5,0.147206,0.0,0.195812,efficientdet_lite0_detection_metadata_1,0.2569
2098,1049,264.2480259999999,69.14,69.1,27.3,0.147206,0.0,0.202215,efficientdet_lite0_detection_metadata_1,0.2569
2099,1049,264.39618999999993,69.627,70.6,60.0,0.148164,0.0,0.202215,efficientdet_lite0_detection_metadata_1,0.2569
2100,1050,264.4515789999999,70.601,69.1,27.3,0.148164,0.0,0.203553,efficientdet_lite0_detection_metadata_1,0.2569
2101,1050,264.5983389999999,71.088,69.6,57.0,0.14676,0.0,0.203553,efficientdet_lite0_detection_metadata_1,0.2569
2102,1051,264.65465399999994,69.627,70.1,30.4,0.14676,0.0661314932580915,0.203075,efficientdet_lite0_detection_metadata_1,0.2569
2103,1051,264.79660099999995,70.601,70.1,55.8,0.141947,0.0661314932580915,0.203075,efficientdet_lite0_detection_metadata_1,0.2569
2104,1052,264.91650899999996,70.601,70.1,12.5,0.141947,0.0,0.261855,efficientdet_lite0_detection_metadata_1,0.2569
2105,1052,265.074397,70.114,69.6,54.7,0.157888,0.0,0.261855,efficientdet_lite0_detection_metadata_1,0.2569
2106,1053,265.14175099999994,69.627,70.6,26.9,0.157888,0.0,0.225242,efficientdet_lite0_detection_metadata_1,0.2569
2107,1053,265.28462599999995,71.088,69.6,56.4,0.142875,0.0,0.225242,efficientdet_lite0_detection_metadata_1,0.2569
2108,1054,265.3386249999999,69.627,70.1,25.0,0.142875,0.0661314932580915,0.196874,efficientdet_lite0_detection_metadata_1,0.2569
2109,1054,265.46852899999993,70.114,70.1,58.9,0.129904,0.0661314932580915,0.196874,efficientdet_lite0_detection_metadata_1,0.2569
2110,1055,265.58906599999995,70.601,69.6,10.6,0.129904,0.0,0.250441,efficientdet_lite0_detection_metadata_1,0.2569
2111,1055,265.7270439999999,70.114,70.1,56.6,0.137978,0.0,0.250441,efficientdet_lite0_detection_metadata_1,0.2569
2112,1056,265.7810559999999,69.627,69.6,36.0,0.137978,0.0,0.19199,efficientdet_lite0_detection_metadata_1,0.2569
2113,1056,265.9192099999999,70.114,70.6,56.8,0.138154,0.0,0.19199,efficientdet_lite0_detection_metadata_1,0.2569
2114,1057,265.97337099999993,70.601,70.1,27.3,0.138154,0.0,0.192315,efficientdet_lite0_detection_metadata_1,0.2569
2115,1057,266.11513899999994,70.601,70.6,55.8,0.141768,0.0,0.192315,efficientdet_lite0_detection_metadata_1,0.2569
2116,1058,266.1692719999999,70.601,70.1,27.3,0.141768,0.0,0.195901,efficientdet_lite0_detection_metadata_1,0.2569
2117,1058,266.3080069999999,69.627,70.1,57.1,0.138735,0.0,0.195901,efficientdet_lite0_detection_metadata_1,0.2569
2118,1059,266.36185499999993,70.114,69.6,28.6,0.138735,0.0,0.192583,efficientdet_lite0_detection_metadata_1,0.2569
2119,1059,266.49847199999994,70.114,69.1,56.2,0.136617,0.0,0.192583,efficientdet_lite0_detection_metadata_1,0.2569
2120,1060,266.55259199999995,69.14,70.6,36.0,0.136617,0.0,0.190737,efficientdet_lite0_detection_metadata_1,0.2569
2121,1060,266.68911399999996,70.601,70.1,57.3,0.136522,0.0,0.190737,efficientdet_lite0_detection_metadata_1,0.2569
2122,1061,266.74311399999993,70.114,71.1,28.6,0.136522,0.0,0.190522,efficientdet_lite0_detection_metadata_1,0.2569
2123,1061,266.88652299999995,70.601,70.1,55.1,0.143409,0.0,0.190522,efficientdet_lite0_detection_metadata_1,0.2569
2124,1062,266.9408829999999,70.114,70.1,33.3,0.143409,0.0,0.197769,efficientdet_lite0_detection_metadata_1,0.2569
2125,1062,267.09316799999993,69.14,70.1,55.6,0.152285,0.0,0.197769,efficientdet_lite0_detection_metadata_1,0.2569
2126,1063,267.1470579999999,70.114,70.1,27.3,0.152285,0.0,0.206175,efficientdet_lite0_detection_metadata_1,0.2569
2127,1063,267.2772659999999,70.601,70.1,58.3,0.130208,0.0,0.206175,efficientdet_lite0_detection_metadata_1,0.2569
2128,1064,267.3314159999999,70.114,70.6,32.0,0.130208,0.0,0.184358,efficientdet_lite0_detection_metadata_1,0.2569
2129,1064,267.4721759999999,70.601,70.1,58.4,0.14076,0.0,0.184358,efficientdet_lite0_detection_metadata_1,0.2569
2130,1065,267.5261799999999,70.114,70.6,23.8,0.14076,0.0,0.194764,efficientdet_lite0_detection_metadata_1,0.2569
2131,1065,267.6660789999999,70.114,70.6,56.0,0.139899,0.0,0.194764,efficientdet_lite0_detection_metadata_1,0.2569
2132,1066,267.7201879999999,70.114,70.6,30.4,0.139899,0.0,0.194008,efficientdet_lite0_detection_metadata_1,0.2569
2133,1066,267.8615749999999,69.627,71.1,55.4,0.141387,0.0,0.194008,efficientdet_lite0_detection_metadata_1,0.2569
2134,1067,267.9154669999999,71.088,69.6,30.4,0.141387,0.0,0.195279,efficientdet_lite0_detection_metadata_1,0.2569
2135,1067,268.0576999999999,70.601,70.1,56.0,0.142233,0.0,0.195279,efficientdet_lite0_detection_metadata_1,0.2569
2136,1068,268.1116189999999,70.114,71.1,33.3,0.142233,0.0,0.196152,efficientdet_lite0_detection_metadata_1,0.2569
2137,1068,268.2503609999999,71.575,69.1,57.1,0.138742,0.0,0.196152,efficientdet_lite0_detection_metadata_1,0.2569
2138,1069,268.30424199999993,69.14,69.6,25.0,0.138742,0.16353149325809332,0.192623,efficientdet_lite0_detection_metadata_1,0.2569
2139,1069,268.4332529999999,70.114,69.1,57.7,0.129011,0.16353149325809332,0.192623,efficientdet_lite0_detection_metadata_1,0.2569
2140,1070,268.6510129999999,69.627,69.6,8.0,0.129011,0.0,0.346771,efficientdet_lite0_detection_metadata_1,0.2569
2141,1070,268.79187799999994,70.601,70.6,56.6,0.140865,0.0,0.346771,efficientdet_lite0_detection_metadata_1,0.2569
2142,1071,268.84643399999993,70.601,70.1,27.3,0.140865,0.0,0.195421,efficientdet_lite0_detection_metadata_1,0.2569
2143,1071,269.02138699999995,70.114,70.1,60.0,0.174953,0.0,0.195421,efficientdet_lite0_detection_metadata_1,0.2569
2144,1072,269.07514699999996,70.114,71.1,31.8,0.174953,0.0,0.228713,efficientdet_lite0_detection_metadata_1,0.2569
2145,1072,269.21939299999997,70.114,71.1,56.4,0.144246,0.0,0.228713,efficientdet_lite0_detection_metadata_1,0.2569
2146,1073,269.27294499999994,71.088,70.6,25.0,0.144246,0.0,0.197798,efficientdet_lite0_detection_metadata_1,0.2569
2147,1073,269.40901299999996,70.114,70.1,57.3,0.136068,0.0,0.197798,efficientdet_lite0_detection_metadata_1,0.2569
2148,1074,269.4628129999999,70.114,70.1,23.8,0.136068,0.0,0.189868,efficientdet_lite0_detection_metadata_1,0.2569
2149,1074,269.61192299999993,71.575,69.6,56.8,0.14911,0.0,0.189868,efficientdet_lite0_detection_metadata_1,0.2569
2150,1075,269.66617899999994,69.627,69.1,20.0,0.14911,0.16353149325809332,0.203366,efficientdet_lite0_detection_metadata_1,0.2569
2151,1075,269.83480599999996,70.114,70.6,60.2,0.168627,0.16353149325809332,0.203366,efficientdet_lite0_detection_metadata_1,0.2569
2152,1076,270.05270999999993,69.627,69.6,6.9,0.168627,0.0,0.386531,efficientdet_lite0_detection_metadata_1,0.2569
2153,1076,270.18853599999994,70.601,69.6,56.8,0.135826,0.0,0.386531,efficientdet_lite0_detection_metadata_1,0.2569
2154,1077,270.24261199999995,69.627,69.6,28.6,0.135826,0.0,0.189902,efficientdet_lite0_detection_metadata_1,0.2569
2155,1077,270.38116699999995,70.601,70.1,56.6,0.138555,0.0,0.189902,efficientdet_lite0_detection_metadata_1,0.2569
2156,1078,270.43540699999994,70.114,69.6,30.4,0.138555,0.0,0.192795,efficientdet_lite0_detection_metadata_1,0.2569
2157,1078,270.57109199999996,71.088,70.1,62.3,0.135685,0.0,0.192795,efficientdet_lite0_detection_metadata_1,0.2569
2158,1079,270.63449399999996,70.114,70.6,27.3,0.135685,0.0661314932580915,0.199087,efficientdet_lite0_detection_metadata_1,0.2569
2159,1079,270.77359399999995,70.601,69.1,57.9,0.1391,0.0661314932580915,0.199087,efficientdet_lite0_detection_metadata_1,0.2569
2160,1080,270.893738,69.627,70.1,10.6,0.1391,0.0,0.259244,efficientdet_lite0_detection_metadata_1,0.2569
2161,1080,271.034748,70.601,70.1,57.1,0.14101,0.0,0.259244,efficientdet_lite0_detection_metadata_1,0.2569
2162,1081,271.08858299999997,70.114,69.6,23.8,0.14101,0.0,0.194845,efficientdet_lite0_detection_metadata_1,0.2569
2163,1081,271.228589,71.088,69.1,57.7,0.140006,0.0,0.194845,efficientdet_lite0_detection_metadata_1,0.2569
2164,1082,271.28290899999996,69.14,70.1,23.8,0.140006,0.0661314932580915,0.194326,efficientdet_lite0_detection_metadata_1,0.2569
2165,1082,271.43699499999997,70.601,70.6,56.8,0.154086,0.0661314932580915,0.194326,efficientdet_lite0_detection_metadata_1,0.2569
2166,1083,271.55784199999994,70.114,69.6,12.5,0.154086,0.0,0.274933,efficientdet_lite0_detection_metadata_1,0.2569
2167,1083,271.69731299999995,70.114,70.1,56.0,0.139471,0.0,0.274933,efficientdet_lite0_detection_metadata_1,0.2569
2168,1084,271.75137599999994,70.114,70.6,31.8,0.139471,0.0,0.193534,efficientdet_lite0_detection_metadata_1,0.2569
2169,1084,271.8979029999999,70.601,69.6,55.7,0.146527,0.0,0.193534,efficientdet_lite0_detection_metadata_1,0.2569
2170,1085,271.9517599999999,69.627,70.1,31.8,0.146527,0.0,0.200384,efficientdet_lite0_detection_metadata_1,0.2569
2171,1085,272.09708099999995,71.088,69.6,55.7,0.145321,0.0,0.200384,efficientdet_lite0_detection_metadata_1,0.2569
2172,1086,272.15114199999994,69.627,69.6,30.4,0.145321,0.0661314932580915,0.199382,efficientdet_lite0_detection_metadata_1,0.2569
2173,1086,272.28617799999995,71.575,70.6,59.2,0.135036,0.0661314932580915,0.199382,efficientdet_lite0_detection_metadata_1,0.2569
2174,1087,272.40654799999993,69.14,69.6,10.6,0.135036,0.16353149325809332,0.255406,efficientdet_lite0_detection_metadata_1,0.2569
2175,1087,272.54293399999995,71.575,70.6,57.3,0.136386,0.16353149325809332,0.255406,efficientdet_lite0_detection_metadata_1,0.2569
2176,1088,272.76069999999993,70.601,68.6,5.8,0.136386,0.16353149325809332,0.354152,efficientdet_lite0_detection_metadata_1,0.2569
2177,1088,272.90147199999996,70.601,70.1,57.1,0.140772,0.16353149325809332,0.354152,efficientdet_lite0_detection_metadata_1,0.2569
2178,1089,273.11914399999995,69.14,68.1,7.0,0.140772,0.0,0.358444,efficientdet_lite0_detection_metadata_1,0.2569
2179,1089,273.2553199999999,69.627,70.1,57.3,0.136176,0.0,0.358444,efficientdet_lite0_detection_metadata_1,0.2569
2180,1090,273.3094229999999,70.114,70.6,27.3,0.136176,0.0,0.190279,efficientdet_lite0_detection_metadata_1,0.2569
2181,1090,273.4493599999999,70.601,70.6,57.1,0.139937,0.0,0.190279,efficientdet_lite0_detection_metadata_1,0.2569
2182,1091,273.50330799999995,70.601,69.6,23.8,0.139937,0.0,0.193885,efficientdet_lite0_detection_metadata_1,0.2569
2183,1091,273.6418479999999,70.601,70.1,56.6,0.13854,0.0,0.193885,efficientdet_lite0_detection_metadata_1,0.2569
2184,1092,273.6957689999999,70.114,70.6,31.8,0.13854,0.0,0.192461,efficientdet_lite0_detection_metadata_1,0.2569
2185,1092,273.8397309999999,71.088,69.6,57.0,0.143962,0.0,0.192461,efficientdet_lite0_detection_metadata_1,0.2569
2186,1093,273.89533099999994,69.627,68.6,22.7,0.143962,0.0661314932580915,0.199562,efficientdet_lite0_detection_metadata_1,0.2569
2187,1093,274.03630899999996,70.601,70.1,57.1,0.140978,0.0661314932580915,0.199562,efficientdet_lite0_detection_metadata_1,0.2569
2188,1094,274.15671499999996,69.627,69.6,12.5,0.140978,0.0,0.261384,efficientdet_lite0_detection_metadata_1,0.2569
2189,1094,274.295984,70.601,70.1,56.6,0.139269,0.0,0.261384,efficientdet_lite0_detection_metadata_1,0.2569
2190,1095,274.34952,70.114,69.6,27.3,0.139269,0.0,0.192805,efficientdet_lite0_detection_metadata_1,0.2569
2191,1095,274.49850499999997,71.088,70.1,55.1,0.148985,0.0,0.192805,efficientdet_lite0_detection_metadata_1,0.2569
2192,1096,274.552125,70.114,70.1,27.3,0.148985,0.0661314932580915,0.202605,efficientdet_lite0_detection_metadata_1,0.2569
2193,1096,274.702918,71.575,70.1,57.0,0.150793,0.0661314932580915,0.202605,efficientdet_lite0_detection_metadata_1,0.2569
2194,1097,274.823154,70.114,69.6,12.5,0.150793,0.16353149325809332,0.271029,efficientdet_lite0_detection_metadata_1,0.2569
2195,1097,274.964188,70.114,69.6,55.8,0.141034,0.16353149325809332,0.271029,efficientdet_lite0_detection_metadata_1,0.2569
2196,1098,275.181809,68.653,68.6,8.0,0.141034,0.0,0.358655,efficientdet_lite0_detection_metadata_1,0.2569
2197,1098,275.316352,70.601,70.1,57.5,0.134543,0.0,0.358655,efficientdet_lite0_detection_metadata_1,0.2569
2198,1099,275.370346,70.114,69.6,23.8,0.134543,0.0,0.188537,efficientdet_lite0_detection_metadata_1,0.2569
2199,1099,275.516771,70.601,69.6,58.7,0.146425,0.0,0.188537,efficientdet_lite0_detection_metadata_1,0.2569
2200,1100,275.571052,69.14,69.6,28.6,0.146425,0.0,0.200706,efficientdet_lite0_detection_metadata_1,0.2569
2201,1100,275.71027100000003,70.601,69.6,56.6,0.139219,0.0,0.200706,efficientdet_lite0_detection_metadata_1,0.2569
2202,1101,275.764064,69.627,70.1,25.0,0.139219,0.0,0.193012,efficientdet_lite0_detection_metadata_1,0.2569
2203,1101,275.904113,71.575,69.1,56.6,0.140049,0.0,0.193012,efficientdet_lite0_detection_metadata_1,0.2569
2204,1102,275.95815600000003,69.14,69.6,27.3,0.140049,0.16353149325809332,0.194092,efficientdet_lite0_detection_metadata_1,0.2569
2205,1102,276.099713,70.601,69.6,56.4,0.141557,0.16353149325809332,0.194092,efficientdet_lite0_detection_metadata_1,0.2569
2206,1103,276.318818,69.14,68.6,7.0,0.141557,0.0,0.360662,efficientdet_lite0_detection_metadata_1,0.2569
2207,1103,276.449738,69.627,69.6,58.3,0.13092,0.0,0.360662,efficientdet_lite0_detection_metadata_1,0.2569
2208,1104,276.50385500000004,69.627,68.6,23.8,0.13092,0.0,0.185037,efficientdet_lite0_detection_metadata_1,0.2569
2209,1104,276.65025800000006,71.088,69.1,55.7,0.146403,0.0,0.185037,efficientdet_lite0_detection_metadata_1,0.2569
2210,1105,276.704151,69.14,69.6,28.6,0.146403,0.0661314932580915,0.200296,efficientdet_lite0_detection_metadata_1,0.2569
2211,1105,276.84294200000005,70.114,70.1,56.0,0.138791,0.0661314932580915,0.200296,efficientdet_lite0_detection_metadata_1,0.2569
2212,1106,276.96317100000005,70.114,69.1,10.6,0.138791,0.0,0.25902,efficientdet_lite0_detection_metadata_1,0.2569
2213,1106,277.096194,71.088,71.5,59.2,0.133023,0.0,0.25902,efficientdet_lite0_detection_metadata_1,0.2569
2214,1107,277.155813,71.575,70.1,23.8,0.133023,0.0661314932580915,0.192642,efficientdet_lite0_detection_metadata_1,0.2569
2215,1107,277.29298600000004,70.114,70.1,58.4,0.137173,0.0661314932580915,0.192642,efficientdet_lite0_detection_metadata_1,0.2569
2216,1108,277.413135,69.627,70.6,14.3,0.137173,0.0,0.257322,efficientdet_lite0_detection_metadata_1,0.2569
2217,1108,277.550637,69.627,69.1,57.3,0.137502,0.0,0.257322,efficientdet_lite0_detection_metadata_1,0.2569
2218,1109,277.604668,69.14,69.6,23.8,0.137502,0.0,0.191533,efficientdet_lite0_detection_metadata_1,0.2569
2219,1109,277.73904600000003,70.601,70.6,57.3,0.134378,0.0,0.191533,efficientdet_lite0_detection_metadata_1,0.2569
2220,1110,277.793208,70.601,69.6,28.6,0.134378,0.0,0.18854,efficientdet_lite0_detection_metadata_1,0.2569
2221,1110,277.933861,71.088,71.1,57.9,0.140653,0.0,0.18854,efficientdet_lite0_detection_metadata_1,0.2569
2222,1111,277.987759,71.088,70.1,28.6,0.140653,0.0661314932580915,0.194551,efficientdet_lite0_detection_metadata_1,0.2569
2223,1111,278.136141,69.627,70.1,56.3,0.148382,0.0661314932580915,0.194551,efficientdet_lite0_detection_metadata_1,0.2569
2224,1112,278.256449,69.627,69.1,10.4,0.148382,0.0,0.26869,efficientdet_lite0_detection_metadata_1,0.2569
2225,1112,278.39739199999997,71.088,69.6,57.1,0.140943,0.0,0.26869,efficientdet_lite0_detection_metadata_1,0.2569
2226,1113,278.45145599999995,69.627,70.1,27.3,0.140943,0.0661314932580915,0.195007,efficientdet_lite0_detection_metadata_1,0.2569
2227,1113,278.58287799999994,70.114,70.6,58.3,0.131422,0.0661314932580915,0.195007,efficientdet_lite0_detection_metadata_1,0.2569
2228,1114,278.70300799999995,69.627,69.6,16.0,0.131422,0.0,0.251552,efficientdet_lite0_detection_metadata_1,0.2569
2229,1114,278.84599799999995,70.601,70.1,57.0,0.14299,0.0,0.251552,efficientdet_lite0_detection_metadata_1,0.2569
2230,1115,278.89981599999993,70.601,69.6,28.6,0.14299,0.0,0.196808,efficientdet_lite0_detection_metadata_1,0.2569
2231,1115,279.03338399999996,69.627,70.1,56.2,0.133568,0.0,0.196808,efficientdet_lite0_detection_metadata_1,0.2569
2232,1116,279.0872779999999,69.627,70.6,31.8,0.133568,0.0,0.187462,efficientdet_lite0_detection_metadata_1,0.2569
2233,1116,279.2318469999999,71.088,69.6,55.1,0.144569,0.0,0.187462,efficientdet_lite0_detection_metadata_1,0.2569
2234,1117,279.28593499999994,69.627,70.1,25.0,0.144569,0.0661314932580915,0.198657,efficientdet_lite0_detection_metadata_1,0.2569
2235,1117,279.4182609999999,70.601,69.6,58.7,0.132326,0.0661314932580915,0.198657,efficientdet_lite0_detection_metadata_1,0.2569
2236,1118,279.53904099999994,70.114,69.6,14.6,0.132326,0.0,0.253106,efficientdet_lite0_detection_metadata_1,0.2569
2237,1118,279.67286199999995,71.575,69.6,58.9,0.133821,0.0,0.253106,efficientdet_lite0_detection_metadata_1,0.2569
2238,1119,279.72678399999995,69.627,70.6,27.3,0.133821,0.16353149325809332,0.187743,efficientdet_lite0_detection_metadata_1,0.2569
2239,1119,279.86620099999993,71.575,69.6,57.1,0.139417,0.16353149325809332,0.187743,efficientdet_lite0_detection_metadata_1,0.2569
2240,1120,280.08400599999993,70.114,69.1,6.9,0.139417,0.16353149325809332,0.357222,efficientdet_lite0_detection_metadata_1,0.2569
2241,1120,280.22786699999995,70.114,71.1,57.1,0.143861,0.16353149325809332,0.357222,efficientdet_lite0_detection_metadata_1,0.2569
2242,1121,280.4457769999999,68.653,68.6,9.1,0.143861,0.0,0.361771,efficientdet_lite0_detection_metadata_1,0.2569
2243,1121,280.5911909999999,71.088,69.6,55.8,0.145414,0.0,0.361771,efficientdet_lite0_detection_metadata_1,0.2569
2244,1122,280.6449769999999,69.627,69.6,23.8,0.145414,0.0661314932580915,0.1992,efficientdet_lite0_detection_metadata_1,0.2569
2245,1122,280.78629499999994,71.088,70.6,55.8,0.141318,0.0661314932580915,0.1992,efficientdet_lite0_detection_metadata_1,0.2569
2246,1123,280.9068269999999,69.14,68.6,10.6,0.141318,0.0661314932580915,0.26185,efficientdet_lite0_detection_metadata_1,0.2569
2247,1123,281.0462519999999,71.088,70.1,56.6,0.139425,0.0661314932580915,0.26185,efficientdet_lite0_detection_metadata_1,0.2569
2248,1124,281.1665269999999,69.14,68.6,15.7,0.139425,0.0661314932580915,0.2597,efficientdet_lite0_detection_metadata_1,0.2569
2249,1124,281.3195399999999,70.114,69.6,55.6,0.153013,0.0661314932580915,0.2597,efficientdet_lite0_detection_metadata_1,0.2569
2250,1125,281.44029399999994,68.653,70.1,14.3,0.153013,0.0,0.273767,efficientdet_lite0_detection_metadata_1,0.2569
2251,1125,281.6053529999999,70.601,70.1,59.3,0.165059,0.0,0.273767,efficientdet_lite0_detection_metadata_1,0.2569
2252,1126,281.6594119999999,70.114,70.6,27.3,0.165059,0.0,0.219118,efficientdet_lite0_detection_metadata_1,0.2569
2253,1126,281.7956769999999,70.601,70.1,57.3,0.136265,0.0,0.219118,efficientdet_lite0_detection_metadata_1,0.2569
2254,1127,281.8496209999999,70.114,70.1,21.1,0.136265,0.0,0.190209,efficientdet_lite0_detection_metadata_1,0.2569
2255,1127,282.0045179999999,70.114,69.1,56.1,0.154897,0.0,0.190209,efficientdet_lite0_detection_metadata_1,0.2569
2256,1128,282.0586119999999,69.14,70.1,30.4,0.154897,0.0,0.208991,efficientdet_lite0_detection_metadata_1,0.2569
2257,1128,282.1913119999999,71.088,70.6,56.9,0.1327,0.0,0.208991,efficientdet_lite0_detection_metadata_1,0.2569
2258,1129,282.2452849999999,70.601,70.6,28.6,0.1327,0.0661314932580915,0.186673,efficientdet_lite0_detection_metadata_1,0.2569
2259,1129,282.3793009999999,70.114,70.1,57.5,0.134016,0.0661314932580915,0.186673,efficientdet_lite0_detection_metadata_1,0.2569
2260,1130,282.4992029999999,68.653,70.6,10.4,0.134016,0.0,0.253918,efficientdet_lite0_detection_metadata_1,0.2569
2261,1130,282.6392699999999,70.114,69.6,57.1,0.140067,0.0,0.253918,efficientdet_lite0_detection_metadata_1,0.2569
2262,1131,282.69380799999993,69.627,70.1,23.8,0.140067,0.0,0.194605,efficientdet_lite0_detection_metadata_1,0.2569
2263,1131,282.84138099999996,70.114,70.6,59.0,0.147573,0.0,0.194605,efficientdet_lite0_detection_metadata_1,0.2569
2264,1132,282.89518999999996,70.601,69.6,27.3,0.147573,0.0,0.201382,efficientdet_lite0_detection_metadata_1,0.2569
2265,1132,283.03754799999996,71.088,70.6,56.4,0.142358,0.0,0.201382,efficientdet_lite0_detection_metadata_1,0.2569
2266,1133,283.09128,70.601,69.1,25.0,0.142358,0.0661314932580915,0.19609,efficientdet_lite0_detection_metadata_1,0.2569
2267,1133,283.237847,71.088,70.6,55.1,0.146567,0.0661314932580915,0.19609,efficientdet_lite0_detection_metadata_1,0.2569
2268,1134,283.358023,69.14,69.6,10.4,0.146567,0.0661314932580915,0.266743,efficientdet_lite0_detection_metadata_1,0.2569
2269,1134,283.501443,70.601,70.1,55.3,0.14342,0.0661314932580915,0.266743,efficientdet_lite0_detection_metadata_1,0.2569
2270,1135,283.623,70.601,70.1,14.6,0.14342,0.0,0.264977,efficientdet_lite0_detection_metadata_1,0.2569
2271,1135,283.76135,71.088,70.6,57.1,0.13835,0.0,0.264977,efficientdet_lite0_detection_metadata_1,0.2569
2272,1136,283.815567,70.601,69.1,23.8,0.13835,0.0661314932580915,0.192567,efficientdet_lite0_detection_metadata_1,0.2569
2273,1136,283.960202,70.601,70.6,55.1,0.144635,0.0661314932580915,0.192567,efficientdet_lite0_detection_metadata_1,0.2569
2274,1137,284.080429,69.627,69.6,10.6,0.144635,0.0,0.264862,efficientdet_lite0_detection_metadata_1,0.2569
2275,1137,284.215334,70.114,70.1,56.9,0.134905,0.0,0.264862,efficientdet_lite0_detection_metadata_1,0.2569
2276,1138,284.26920099999995,70.114,69.6,30.4,0.134905,0.0,0.188772,efficientdet_lite0_detection_metadata_1,0.2569
2277,1138,284.41838699999994,71.575,69.1,57.7,0.149186,0.0,0.188772,efficientdet_lite0_detection_metadata_1,0.2569
2278,1139,284.472743,69.14,70.1,30.4,0.149186,0.16353149325809332,0.203542,efficientdet_lite0_detection_metadata_1,0.2569
2279,1139,284.61351399999995,70.114,69.6,55.8,0.140771,0.16353149325809332,0.203542,efficientdet_lite0_detection_metadata_1,0.2569
2280,1140,284.832809,69.14,70.1,8.0,0.140771,0.0,0.360066,efficientdet_lite0_detection_metadata_1,0.2569
2281,1140,284.969399,70.114,69.6,56.8,0.13659,0.0,0.360066,efficientdet_lite0_detection_metadata_1,0.2569
2282,1141,285.023471,70.114,69.6,27.3,0.13659,0.0,0.190662,efficientdet_lite0_detection_metadata_1,0.2569
2283,1141,285.15649699999994,70.601,69.6,58.1,0.133026,0.0,0.190662,efficientdet_lite0_detection_metadata_1,0.2569
2284,1142,285.210426,69.627,69.1,29.2,0.133026,0.0,0.186955,efficientdet_lite0_detection_metadata_1,0.2569
2285,1142,285.347303,70.601,70.1,56.2,0.136877,0.0,0.186955,efficientdet_lite0_detection_metadata_1,0.2569
2286,1143,285.40126399999997,70.114,69.6,31.8,0.136877,0.0,0.190838,efficientdet_lite0_detection_metadata_1,0.2569
2287,1143,285.54110899999995,70.601,70.1,56.6,0.139845,0.0,0.190838,efficientdet_lite0_detection_metadata_1,0.2569
2288,1144,285.595487,70.114,70.1,27.3,0.139845,0.0,0.194223,efficientdet_lite0_detection_metadata_1,0.2569
2289,1144,285.725231,70.601,70.1,58.9,0.129744,0.0,0.194223,efficientdet_lite0_detection_metadata_1,0.2569
2290,1145,285.779182,70.114,70.6,23.8,0.129744,0.0,0.183695,efficientdet_lite0_detection_metadata_1,0.2569
2291,1145,285.918659,70.114,70.6,56.6,0.139477,0.0,0.183695,efficientdet_lite0_detection_metadata_1,0.2569
2292,1146,285.97249999999997,70.601,70.6,31.8,0.139477,0.0,0.193318,efficientdet_lite0_detection_metadata_1,0.2569
2293,1146,286.115032,71.088,70.6,57.7,0.142532,0.0,0.193318,efficientdet_lite0_detection_metadata_1,0.2569
2294,1147,286.169247,70.601,69.6,27.3,0.142532,0.0661314932580915,0.196747,efficientdet_lite0_detection_metadata_1,0.2569
2295,1147,286.309034,71.088,70.1,57.9,0.139787,0.0661314932580915,0.196747,efficientdet_lite0_detection_metadata_1,0.2569
2296,1148,286.429067,69.627,69.1,10.4,0.139787,0.0661314932580915,0.25982,efficientdet_lite0_detection_metadata_1,0.2569
2297,1148,286.56821699999995,70.601,70.1,57.3,0.13915,0.0661314932580915,0.25982,efficientdet_lite0_detection_metadata_1,0.2569
2298,1149,286.68859299999997,70.601,68.6,12.2,0.13915,0.0,0.259526,efficientdet_lite0_detection_metadata_1,0.2569
2299,1149,286.83651,70.601,70.6,57.0,0.147917,0.0,0.259526,efficientdet_lite0_detection_metadata_1,0.2569
2300,1150,286.89053399999995,70.601,69.6,23.8,0.147917,0.0,0.201941,efficientdet_lite0_detection_metadata_1,0.2569
2301,1150,287.0336649999999,71.088,69.6,57.0,0.143131,0.0,0.201941,efficientdet_lite0_detection_metadata_1,0.2569
2302,1151,287.08768399999997,70.114,70.1,25.0,0.143131,0.0661314932580915,0.19715,efficientdet_lite0_detection_metadata_1,0.2569
2303,1151,287.22890199999995,70.601,70.1,57.7,0.141218,0.0661314932580915,0.19715,efficientdet_lite0_detection_metadata_1,0.2569
2304,1152,287.34968299999997,70.114,69.6,28.6,0.141218,0.0,0.261999,efficientdet_lite0_detection_metadata_1,0.2569
2305,1152,287.80202399999996,70.601,71.1,78.8,0.452341,0.0,0.261999,efficientdet_lite0_detection_metadata_1,0.2569
2306,1153,287.855919,71.088,70.6,25.0,0.452341,0.0,0.506236,efficientdet_lite0_detection_metadata_1,0.2569
2307,1153,287.990209,70.114,71.1,56.8,0.13429,0.0,0.506236,efficientdet_lite0_detection_metadata_1,0.2569
2308,1154,288.044041,71.088,71.1,27.3,0.13429,0.0,0.188122,efficientdet_lite0_detection_metadata_1,0.2569
2309,1154,288.194828,71.575,70.1,54.4,0.150787,0.0,0.188122,efficientdet_lite0_detection_metadata_1,0.2569
2310,1155,288.248646,70.114,70.1,27.3,0.150787,0.16353149325809332,0.204605,efficientdet_lite0_detection_metadata_1,0.2569
2311,1155,288.38929,70.601,69.6,56.0,0.140644,0.16353149325809332,0.204605,efficientdet_lite0_detection_metadata_1,0.2569
2312,1156,288.607033,70.114,69.1,8.0,0.140644,0.0,0.358387,efficientdet_lite0_detection_metadata_1,0.2569
2313,1156,288.74538,71.088,70.6,57.9,0.138347,0.0,0.358387,efficientdet_lite0_detection_metadata_1,0.2569
2314,1157,288.799293,70.601,69.6,27.3,0.138347,0.0661314932580915,0.19226,efficientdet_lite0_detection_metadata_1,0.2569
2315,1157,288.932735,71.575,71.5,56.9,0.133442,0.0661314932580915,0.19226,efficientdet_lite0_detection_metadata_1,0.2569
2316,1158,289.05292499999996,69.627,70.1,12.5,0.133442,0.16353149325809332,0.253632,efficientdet_lite0_detection_metadata_1,0.2569
2317,1158,289.189807,71.575,70.1,57.3,0.136882,0.16353149325809332,0.253632,efficientdet_lite0_detection_metadata_1,0.2569
2318,1159,289.40746299999995,68.653,69.6,6.9,0.136882,0.16353149325809332,0.354538,efficientdet_lite0_detection_metadata_1,0.2569
2319,1159,289.54428899999994,72.062,70.1,58.1,0.136826,0.16353149325809332,0.354538,efficientdet_lite0_detection_metadata_1,0.2569
2320,1160,289.76191299999994,69.14,70.1,6.9,0.136826,0.2609314932580923,0.35445,efficientdet_lite0_detection_metadata_1,0.2569
2321,1160,289.90242799999993,70.114,70.1,56.6,0.140515,0.2609314932580923,0.35445,efficientdet_lite0_detection_metadata_1,0.2569
2322,1161,290.21761999999995,69.14,68.1,5.5,0.140515,0.0,0.455707,efficientdet_lite0_detection_metadata_1,0.2569
2323,1161,290.35403699999995,70.601,70.6,57.9,0.136417,0.0,0.455707,efficientdet_lite0_detection_metadata_1,0.2569
2324,1162,290.407856,70.601,69.1,28.6,0.136417,0.0,0.190236,efficientdet_lite0_detection_metadata_1,0.2569
2325,1162,290.551155,71.088,70.1,56.4,0.143299,0.0,0.190236,efficientdet_lite0_detection_metadata_1,0.2569
2326,1163,290.604944,70.114,70.6,27.3,0.143299,0.0661314932580915,0.197088,efficientdet_lite0_detection_metadata_1,0.2569
2327,1163,290.743908,70.601,70.6,57.3,0.138964,0.0661314932580915,0.197088,efficientdet_lite0_detection_metadata_1,0.2569
2328,1164,290.864299,69.14,68.6,12.5,0.138964,0.0,0.259355,efficientdet_lite0_detection_metadata_1,0.2569
2329,1164,291.003942,71.088,70.1,59.8,0.139643,0.0,0.259355,efficientdet_lite0_detection_metadata_1,0.2569
2330,1165,291.071342,70.114,70.6,34.8,0.139643,0.0661314932580915,0.207043,efficientdet_lite0_detection_metadata_1,0.2569
2331,1165,291.211429,70.114,70.1,55.3,0.140087,0.0661314932580915,0.207043,efficientdet_lite0_detection_metadata_1,0.2569
2332,1166,291.331903,69.627,70.6,14.3,0.140087,0.0,0.260561,efficientdet_lite0_detection_metadata_1,0.2569
2333,1166,291.470085,69.627,69.6,56.0,0.138182,0.0,0.260561,efficientdet_lite0_detection_metadata_1,0.2569
2334,1167,291.52430200000003,70.114,70.1,28.6,0.138182,0.0,0.192399,efficientdet_lite0_detection_metadata_1,0.2569
2335,1167,291.66474600000004,71.575,70.1,55.8,0.140444,0.0,0.192399,efficientdet_lite0_detection_metadata_1,0.2569
2336,1168,291.71891200000005,70.114,70.1,25.0,0.140444,0.16353149325809332,0.19461,efficientdet_lite0_detection_metadata_1,0.2569
2337,1168,291.87273700000003,69.14,70.1,58.0,0.153825,0.16353149325809332,0.19461,efficientdet_lite0_detection_metadata_1,0.2569
2338,1169,292.0903670000001,70.114,70.1,5.7,0.153825,0.0,0.371455,efficientdet_lite0_detection_metadata_1,0.2569
2339,1169,292.22624600000006,71.575,70.6,57.3,0.135879,0.0,0.371455,efficientdet_lite0_detection_metadata_1,0.2569
2340,1170,292.2801170000001,70.601,70.1,28.6,0.135879,0.16353149325809332,0.18975,efficientdet_lite0_detection_metadata_1,0.2569
2341,1170,292.4253030000001,70.601,70.1,55.1,0.145186,0.16353149325809332,0.18975,efficientdet_lite0_detection_metadata_1,0.2569
2342,1171,292.6430400000001,69.627,69.1,6.9,0.145186,0.0,0.362923,efficientdet_lite0_detection_metadata_1,0.2569
2343,1171,292.8097600000001,70.601,70.1,61.4,0.16672,0.0,0.362923,efficientdet_lite0_detection_metadata_1,0.2569
2344,1172,292.8640610000001,70.114,69.1,23.8,0.16672,0.0,0.221021,efficientdet_lite0_detection_metadata_1,0.2569
2345,1172,292.9907770000001,71.088,70.6,58.6,0.126716,0.0,0.221021,efficientdet_lite0_detection_metadata_1,0.2569
2346,1173,293.04439100000013,70.601,69.6,30.4,0.126716,0.0661314932580915,0.18033,efficientdet_lite0_detection_metadata_1,0.2569
2347,1173,293.18417400000016,71.575,71.5,56.0,0.139783,0.0661314932580915,0.18033,efficientdet_lite0_detection_metadata_1,0.2569
2348,1174,293.3045470000001,68.653,70.1,12.5,0.139783,0.16353149325809332,0.260156,efficientdet_lite0_detection_metadata_1,0.2569
2349,1174,293.4444170000001,69.627,70.1,57.1,0.13987,0.16353149325809332,0.260156,efficientdet_lite0_detection_metadata_1,0.2569
2350,1175,293.6624020000001,69.14,69.6,7.0,0.13987,0.0,0.357855,efficientdet_lite0_detection_metadata_1,0.2569
2351,1175,293.7998010000001,71.575,69.1,57.9,0.137399,0.0,0.357855,efficientdet_lite0_detection_metadata_1,0.2569
2352,1176,293.8538120000001,69.14,69.6,25.0,0.137399,0.16353149325809332,0.19141,efficientdet_lite0_detection_metadata_1,0.2569
2353,1176,293.99569100000014,70.114,70.6,56.4,0.141879,0.16353149325809332,0.19141,efficientdet_lite0_detection_metadata_1,0.2569
2354,1177,294.2133460000001,70.114,69.1,5.8,0.141879,0.0,0.359534,efficientdet_lite0_detection_metadata_1,0.2569
2355,1177,294.3490370000001,70.601,71.1,57.9,0.135691,0.0,0.359534,efficientdet_lite0_detection_metadata_1,0.2569
2356,1178,294.40835600000014,71.088,70.6,34.8,0.135691,0.0,0.19501,efficientdet_lite0_detection_metadata_1,0.2569
2357,1178,294.54694900000015,71.088,69.6,55.4,0.138593,0.0,0.19501,efficientdet_lite0_detection_metadata_1,0.2569
2358,1179,294.60091800000015,69.627,69.6,31.8,0.138593,0.0661314932580915,0.192562,efficientdet_lite0_detection_metadata_1,0.2569
2359,1179,294.73633400000017,71.088,70.6,57.9,0.135416,0.0661314932580915,0.192562,efficientdet_lite0_detection_metadata_1,0.2569
2360,1180,294.8564010000002,69.627,69.1,12.5,0.135416,0.0661314932580915,0.255483,efficientdet_lite0_detection_metadata_1,0.2569
2361,1180,294.9969540000002,70.601,70.1,57.1,0.140553,0.0661314932580915,0.255483,efficientdet_lite0_detection_metadata_1,0.2569
2362,1181,295.11732600000016,69.627,70.1,14.3,0.140553,0.0,0.260925,efficientdet_lite0_detection_metadata_1,0.2569
2363,1181,295.26550200000014,70.601,70.1,58.2,0.148176,0.0,0.260925,efficientdet_lite0_detection_metadata_1,0.2569
2364,1182,295.31953900000013,70.114,70.6,23.8,0.148176,0.0,0.202213,efficientdet_lite0_detection_metadata_1,0.2569
2365,1182,295.4878210000001,70.601,70.1,54.5,0.168282,0.0,0.202213,efficientdet_lite0_detection_metadata_1,0.2569
2366,1183,295.54150100000015,70.114,70.1,28.6,0.168282,0.0,0.221962,efficientdet_lite0_detection_metadata_1,0.2569
2367,1183,295.68240100000014,70.601,70.1,55.3,0.1409,0.0,0.221962,efficientdet_lite0_detection_metadata_1,0.2569
2368,1184,295.73659700000013,70.114,70.6,30.4,0.1409,0.0,0.195096,efficientdet_lite0_detection_metadata_1,0.2569
2369,1184,295.88012700000013,69.627,70.6,55.3,0.14353,0.0,0.195096,efficientdet_lite0_detection_metadata_1,0.2569
2370,1185,295.93401800000015,70.601,69.6,23.8,0.14353,0.0,0.197421,efficientdet_lite0_detection_metadata_1,0.2569
2371,1185,296.0802400000002,70.114,71.1,58.7,0.146222,0.0,0.197421,efficientdet_lite0_detection_metadata_1,0.2569
2372,1186,296.1345890000002,71.088,71.1,23.8,0.146222,0.0,0.200571,efficientdet_lite0_detection_metadata_1,0.2569
2373,1186,296.26937100000015,70.114,70.1,58.1,0.134782,0.0,0.200571,efficientdet_lite0_detection_metadata_1,0.2569
2374,1187,296.3234630000002,70.114,70.1,25.0,0.134782,0.0,0.188874,efficientdet_lite0_detection_metadata_1,0.2569
2375,1187,296.4684950000002,70.114,70.6,55.1,0.145032,0.0,0.188874,efficientdet_lite0_detection_metadata_1,0.2569
2376,1188,296.5226010000002,70.601,70.6,27.3,0.145032,0.0,0.199138,efficientdet_lite0_detection_metadata_1,0.2569
2377,1188,296.6660430000002,70.114,70.1,55.3,0.143442,0.0,0.199138,efficientdet_lite0_detection_metadata_1,0.2569
2378,1189,296.71997100000016,70.114,70.1,27.3,0.143442,0.0,0.19737,efficientdet_lite0_detection_metadata_1,0.2569
2379,1189,296.86616500000014,70.601,70.1,59.5,0.146194,0.0,0.19737,efficientdet_lite0_detection_metadata_1,0.2569
2380,1190,296.92013500000013,70.114,70.1,23.8,0.146194,0.0,0.200164,efficientdet_lite0_detection_metadata_1,0.2569
2381,1190,297.0600720000001,70.601,71.1,56.6,0.139937,0.0,0.200164,efficientdet_lite0_detection_metadata_1,0.2569
2382,1191,297.11402200000015,71.088,69.6,27.3,0.139937,0.0,0.193887,efficientdet_lite0_detection_metadata_1,0.2569
2383,1191,297.25591200000014,71.088,71.1,55.3,0.14189,0.0,0.193887,efficientdet_lite0_detection_metadata_1,0.2569
2384,1192,297.30996900000014,71.088,70.6,27.3,0.14189,0.0661314932580915,0.195947,efficientdet_lite0_detection_metadata_1,0.2569
2385,1192,297.44783600000017,71.575,70.6,57.3,0.137867,0.0661314932580915,0.195947,efficientdet_lite0_detection_metadata_1,0.2569
2386,1193,297.5679940000001,70.114,69.6,15.7,0.137867,0.16353149325809332,0.258025,efficientdet_lite0_detection_metadata_1,0.2569
2387,1193,297.7059020000001,70.601,70.1,57.3,0.137908,0.16353149325809332,0.258025,efficientdet_lite0_detection_metadata_1,0.2569
2388,1194,297.9235500000001,69.627,69.6,6.9,0.137908,0.0,0.355556,efficientdet_lite0_detection_metadata_1,0.2569
2389,1194,298.05999700000007,70.601,70.6,56.2,0.136447,0.0,0.355556,efficientdet_lite0_detection_metadata_1,0.2569
2390,1195,298.11518000000007,70.601,70.1,27.3,0.136447,0.0,0.19163,efficientdet_lite0_detection_metadata_1,0.2569
2391,1195,298.2510700000001,70.601,70.6,56.8,0.13589,0.0,0.19163,efficientdet_lite0_detection_metadata_1,0.2569
2392,1196,298.30532100000005,70.601,69.1,28.6,0.13589,0.0,0.190141,efficientdet_lite0_detection_metadata_1,0.2569
2393,1196,298.45555600000006,70.601,71.1,58.0,0.150235,0.0,0.190141,efficientdet_lite0_detection_metadata_1,0.2569
2394,1197,298.509716,71.088,69.6,27.3,0.150235,0.0,0.204395,efficientdet_lite0_detection_metadata_1,0.2569
2395,1197,298.653113,70.601,70.6,55.3,0.143397,0.0,0.204395,efficientdet_lite0_detection_metadata_1,0.2569
2396,1198,298.707099,70.601,70.1,25.0,0.143397,0.0,0.197383,efficientdet_lite0_detection_metadata_1,0.2569
2397,1198,298.852484,69.627,71.1,56.3,0.145385,0.0,0.197383,efficientdet_lite0_detection_metadata_1,0.2569
2398,1199,298.906308,71.088,69.6,25.0,0.145385,0.0,0.199209,efficientdet_lite0_detection_metadata_1,0.2569
2399,1199,299.04938300000003,70.601,70.6,55.7,0.143075,0.0,0.199209,efficientdet_lite0_detection_metadata_1,0.2569
2400,1200,299.10341400000004,70.601,70.6,28.6,0.143075,0.0,0.197106,efficientdet_lite0_detection_metadata_1,0.2569
2401,1200,299.25446800000003,70.114,70.6,58.7,0.151054,0.0,0.197106,efficientdet_lite0_detection_metadata_1,0.2569
2402,1201,299.30845100000005,70.601,70.1,30.4,0.151054,0.0,0.205037,efficientdet_lite0_detection_metadata_1,0.2569
2403,1201,299.4502130000001,71.088,70.1,55.8,0.141762,0.0,0.205037,efficientdet_lite0_detection_metadata_1,0.2569
2404,1202,299.50420900000006,70.114,70.6,28.6,0.141762,0.0661314932580915,0.195758,efficientdet_lite0_detection_metadata_1,0.2569
2405,1202,299.6463820000001,71.088,70.1,56.4,0.142173,0.0661314932580915,0.195758,efficientdet_lite0_detection_metadata_1,0.2569
2406,1203,299.76651100000004,68.653,70.6,10.6,0.142173,0.0661314932580915,0.262302,efficientdet_lite0_detection_metadata_1,0.2569
2407,1203,299.913129,71.088,70.6,53.8,0.146618,0.0661314932580915,0.262302,efficientdet_lite0_detection_metadata_1,0.2569
2408,1204,300.03361100000006,70.114,70.1,12.8,0.146618,0.0661314932580915,0.2671,efficientdet_lite0_detection_metadata_1,0.2569
